id,asset,year,rep_period,time_block_start,time_block_end,dual_balance_consumer
1,e_demand,2030,1,1,1,0.025
2,e_demand,2030,1,2,2,0.025
3,e_demand,2030,1,3,3,0.025
4,e_demand,2030,1,4,4,0.025
5,e_demand,2030,1,5,5,0.025
6,e_demand,2030,1,6,6,0.025
7,e_demand,2030,1,7,7,0.025
8,e_demand,2030,1,8,8,0.035
9,e_demand,2030,1,9,9,0.035
10,e_demand,2030,1,10,10,0.035
11,e_demand,2030,1,11,11,0.035
12,e_demand,2030,1,12,12,0.035
13,e_demand,2030,1,13,13,0.035
14,e_demand,2030,1,14,14,0.035
15,e_demand,2030,1,15,15,0.035
16,e_demand,2030,1,16,16,0.035
17,e_demand,2030,1,17,17,0.035
18,e_demand,2030,1,18,18,0.035
19,e_demand,2030,1,19,19,0.035
20,e_demand,2030,1,20,20,0.035
21,e_demand,2030,1,21,21,0.035
22,e_demand,2030,1,22,22,0.035
23,e_demand,2030,1,23,23,0.035
24,e_demand,2030,1,24,24,0.035
25,e_demand,2030,2,1,1,0.025
26,e_demand,2030,2,2,2,0.025
27,e_demand,2030,2,3,3,0.025
28,e_demand,2030,2,4,4,0.025
29,e_demand,2030,2,5,5,0.025
30,e_demand,2030,2,6,6,0.025
31,e_demand,2030,2,7,7,0.025
32,e_demand,2030,2,8,8,0.025
33,e_demand,2030,2,9,9,0.025
34,e_demand,2030,2,10,10,0.025
35,e_demand,2030,2,11,11,0.025
36,e_demand,2030,2,12,12,0.025
37,e_demand,2030,2,13,13,0.025
38,e_demand,2030,2,14,14,0.025
39,e_demand,2030,2,15,15,0.025
40,e_demand,2030,2,16,16,0.025
41,e_demand,2030,2,17,17,0.025
42,e_demand,2030,2,18,18,0.035
43,e_demand,2030,2,19,19,0.035
44,e_demand,2030,2,20,20,0.035
45,e_demand,2030,2,21,21,0.035
46,e_demand,2030,2,22,22,0.035
47,e_demand,2030,2,23,23,0.035
48,e_demand,2030,2,24,24,0.025
49,e_demand,2030,3,1,1,0.025
50,e_demand,2030,3,2,2,0.025
51,e_demand,2030,3,3,3,0.025
52,e_demand,2030,3,4,4,0.025
53,e_demand,2030,3,5,5,0.025
54,e_demand,2030,3,6,6,0.035
55,e_demand,2030,3,7,7,0.035
56,e_demand,2030,3,8,8,0.025
57,e_demand,2030,3,9,9,0.025
58,e_demand,2030,3,10,10,0.025
59,e_demand,2030,3,11,11,0.025
60,e_demand,2030,3,12,12,0.025
61,e_demand,2030,3,13,13,0.025
62,e_demand,2030,3,14,14,0.025
63,e_demand,2030,3,15,15,0.025
64,e_demand,2030,3,16,16,0.025
65,e_demand,2030,3,17,17,0.025
66,e_demand,2030,3,18,18,0.035
67,e_demand,2030,3,19,19,0.035
68,e_demand,2030,3,20,20,0.035
69,e_demand,2030,3,21,21,0.035
70,e_demand,2030,3,22,22,0.035
71,e_demand,2030,3,23,23,0.035
72,e_demand,2030,3,24,24,0.035
73,e_demand,2030,4,1,1,0.04793353295762913
74,e_demand,2030,4,2,2,0.04793353295762913
75,e_demand,2030,4,3,3,0.04793353295762913
76,e_demand,2030,4,4,4,0.03423823782687795
77,e_demand,2030,4,5,5,0.03423823782687795
78,e_demand,2030,4,6,6,0.04793353295762913
79,e_demand,2030,4,7,7,0.04793353295762913
80,e_demand,2030,4,8,8,0.04793353295762913
81,e_demand,2030,4,9,9,0.04793353295762913
82,e_demand,2030,4,10,10,0.04793353295762913
83,e_demand,2030,4,11,11,0.04793353295762913
84,e_demand,2030,4,12,12,0.04793353295762913
85,e_demand,2030,4,13,13,0.04793353295762913
86,e_demand,2030,4,14,14,0.04793353295762913
87,e_demand,2030,4,15,15,0.04793353295762913
88,e_demand,2030,4,16,16,0.04793353295762913
89,e_demand,2030,4,17,17,11.15247358143069
90,e_demand,2030,4,18,18,13.69529513075118
91,e_demand,2030,4,19,19,13.69529513075118
92,e_demand,2030,4,20,20,13.69529513075118
93,e_demand,2030,4,21,21,13.69529513075118
94,e_demand,2030,4,22,22,0.04793353295762913
95,e_demand,2030,4,23,23,0.04793353295762913
96,e_demand,2030,4,24,24,0.04793353295762913
97,e_demand,2030,5,1,1,0.025
98,e_demand,2030,5,2,2,0.025
99,e_demand,2030,5,3,3,0.025
100,e_demand,2030,5,4,4,0.025
101,e_demand,2030,5,5,5,0.025
102,e_demand,2030,5,6,6,0.025
103,e_demand,2030,5,7,7,0.025
104,e_demand,2030,5,8,8,0.035
105,e_demand,2030,5,9,9,0.025
106,e_demand,2030,5,10,10,0.025
107,e_demand,2030,5,11,11,0.025
108,e_demand,2030,5,12,12,0.025
109,e_demand,2030,5,13,13,0.025
110,e_demand,2030,5,14,14,0.025
111,e_demand,2030,5,15,15,0.025
112,e_demand,2030,5,16,16,0.025
113,e_demand,2030,5,17,17,0.025
114,e_demand,2030,5,18,18,0.035
115,e_demand,2030,5,19,19,0.035
116,e_demand,2030,5,20,20,0.035
117,e_demand,2030,5,21,21,0.035
118,e_demand,2030,5,22,22,0.035
119,e_demand,2030,5,23,23,0.025
120,e_demand,2030,5,24,24,0.025
121,e_demand,2030,6,1,1,0.025
122,e_demand,2030,6,2,2,0.025
123,e_demand,2030,6,3,3,0.025
124,e_demand,2030,6,4,4,0.025
125,e_demand,2030,6,5,5,0.025
126,e_demand,2030,6,6,6,0.025
127,e_demand,2030,6,7,7,0.025
128,e_demand,2030,6,8,8,0.025
129,e_demand,2030,6,9,9,0.025
130,e_demand,2030,6,10,10,0.025
131,e_demand,2030,6,11,11,0.025
132,e_demand,2030,6,12,12,0.025
133,e_demand,2030,6,13,13,0.025
134,e_demand,2030,6,14,14,0.025
135,e_demand,2030,6,15,15,0.025
136,e_demand,2030,6,16,16,0.025
137,e_demand,2030,6,17,17,0.025
138,e_demand,2030,6,18,18,0.035
139,e_demand,2030,6,19,19,0.035
140,e_demand,2030,6,20,20,0.035
141,e_demand,2030,6,21,21,0.035
142,e_demand,2030,6,22,22,0.035
143,e_demand,2030,6,23,23,0.025
144,e_demand,2030,6,24,24,0.025
145,e_demand,2030,7,1,1,0.025
146,e_demand,2030,7,2,2,0.025
147,e_demand,2030,7,3,3,0.025
148,e_demand,2030,7,4,4,0.025
149,e_demand,2030,7,5,5,0.025
150,e_demand,2030,7,6,6,0.025
151,e_demand,2030,7,7,7,0.035
152,e_demand,2030,7,8,8,0.025
153,e_demand,2030,7,9,9,0.025
154,e_demand,2030,7,10,10,0.025
155,e_demand,2030,7,11,11,0.025
156,e_demand,2030,7,12,12,0.025
157,e_demand,2030,7,13,13,0.025
158,e_demand,2030,7,14,14,0.025
159,e_demand,2030,7,15,15,0.025
160,e_demand,2030,7,16,16,0.025
161,e_demand,2030,7,17,17,0.035
162,e_demand,2030,7,18,18,0.035
163,e_demand,2030,7,19,19,0.035
164,e_demand,2030,7,20,20,0.035
165,e_demand,2030,7,21,21,0.035
166,e_demand,2030,7,22,22,0.035
167,e_demand,2030,7,23,23,0.025
168,e_demand,2030,7,24,24,0.025
169,e_demand,2030,8,1,1,0.025
170,e_demand,2030,8,2,2,0.025
171,e_demand,2030,8,3,3,0.025
172,e_demand,2030,8,4,4,0.025
173,e_demand,2030,8,5,5,0.025
174,e_demand,2030,8,6,6,0.025
175,e_demand,2030,8,7,7,0.025
176,e_demand,2030,8,8,8,0.025
177,e_demand,2030,8,9,9,0.025
178,e_demand,2030,8,10,10,0.025
179,e_demand,2030,8,11,11,0.025
180,e_demand,2030,8,12,12,0.025
181,e_demand,2030,8,13,13,0.025
182,e_demand,2030,8,14,14,0.025
183,e_demand,2030,8,15,15,0.025
184,e_demand,2030,8,16,16,0.025
185,e_demand,2030,8,17,17,0.025
186,e_demand,2030,8,18,18,0.025
187,e_demand,2030,8,19,19,0.035
188,e_demand,2030,8,20,20,0.035
189,e_demand,2030,8,21,21,0.035
190,e_demand,2030,8,22,22,0.035
191,e_demand,2030,8,23,23,0.025
192,e_demand,2030,8,24,24,0.025
193,e_demand,2030,9,1,1,0.025
194,e_demand,2030,9,2,2,0.025
195,e_demand,2030,9,3,3,0.025
196,e_demand,2030,9,4,4,0.025
197,e_demand,2030,9,5,5,0.025
198,e_demand,2030,9,6,6,0.025
199,e_demand,2030,9,7,7,0.035
200,e_demand,2030,9,8,8,0.035
201,e_demand,2030,9,9,9,0.035
202,e_demand,2030,9,10,10,0.035
203,e_demand,2030,9,11,11,0.035
204,e_demand,2030,9,12,12,0.035
205,e_demand,2030,9,13,13,0.035
206,e_demand,2030,9,14,14,0.035
207,e_demand,2030,9,15,15,0.035
208,e_demand,2030,9,16,16,0.035
209,e_demand,2030,9,17,17,0.035
210,e_demand,2030,9,18,18,0.035
211,e_demand,2030,9,19,19,0.035
212,e_demand,2030,9,20,20,0.035
213,e_demand,2030,9,21,21,0.035
214,e_demand,2030,9,22,22,0.035
215,e_demand,2030,9,23,23,0.035
216,e_demand,2030,9,24,24,0.025
217,e_demand,2030,10,1,1,0.025299310893879635
218,e_demand,2030,10,2,2,0.025299310893879635
219,e_demand,2030,10,3,3,0.025299310893879635
220,e_demand,2030,10,4,4,0.025299310893879635
221,e_demand,2030,10,5,5,0.025299310893879635
222,e_demand,2030,10,6,6,0.025299310893879635
223,e_demand,2030,10,7,7,0.025299310893879635
224,e_demand,2030,10,8,8,0.025299310893879635
225,e_demand,2030,10,9,9,0.025299310893879635
226,e_demand,2030,10,10,10,0.025299310893879635
227,e_demand,2030,10,11,11,0.025299310893879635
228,e_demand,2030,10,12,12,0.025299310893879635
229,e_demand,2030,10,13,13,0.025299310893879635
230,e_demand,2030,10,14,14,0.025299310893879635
231,e_demand,2030,10,15,15,0.025299310893879635
232,e_demand,2030,10,16,16,0.025299310893879635
233,e_demand,2030,10,17,17,0.025299310893879635
234,e_demand,2030,10,18,18,0.03541903525143149
235,e_demand,2030,10,19,19,0.03541903525143149
236,e_demand,2030,10,20,20,0.03541903525143149
237,e_demand,2030,10,21,21,0.03541903525143149
238,e_demand,2030,10,22,22,0.025299310893879635
239,e_demand,2030,10,23,23,0.025299310893879635
240,e_demand,2030,10,24,24,0.025299310893879635
241,e_demand,2030,11,1,1,0.025
242,e_demand,2030,11,2,2,0.025
243,e_demand,2030,11,3,3,0.025
244,e_demand,2030,11,4,4,0.025
245,e_demand,2030,11,5,5,0.025
246,e_demand,2030,11,6,6,0.025
247,e_demand,2030,11,7,7,0.035
248,e_demand,2030,11,8,8,0.035
249,e_demand,2030,11,9,9,0.025
250,e_demand,2030,11,10,10,0.025
251,e_demand,2030,11,11,11,0.025
252,e_demand,2030,11,12,12,0.025
253,e_demand,2030,11,13,13,0.025
254,e_demand,2030,11,14,14,0.025
255,e_demand,2030,11,15,15,0.025
256,e_demand,2030,11,16,16,0.025
257,e_demand,2030,11,17,17,0.025
258,e_demand,2030,11,18,18,0.035
259,e_demand,2030,11,19,19,0.035
260,e_demand,2030,11,20,20,0.035
261,e_demand,2030,11,21,21,0.035
262,e_demand,2030,11,22,22,0.025
263,e_demand,2030,11,23,23,0.025
264,e_demand,2030,11,24,24,0.025
265,e_demand,2030,12,1,1,0.035
266,e_demand,2030,12,2,2,0.035
267,e_demand,2030,12,3,3,0.025
268,e_demand,2030,12,4,4,0.025
269,e_demand,2030,12,5,5,0.025
270,e_demand,2030,12,6,6,0.03458302279901602
271,e_demand,2030,12,7,7,0.035
272,e_demand,2030,12,8,8,0.035
273,e_demand,2030,12,9,9,0.025
274,e_demand,2030,12,10,10,0.025
275,e_demand,2030,12,11,11,0.025
276,e_demand,2030,12,12,12,0.025
277,e_demand,2030,12,13,13,0.025
278,e_demand,2030,12,14,14,0.025
279,e_demand,2030,12,15,15,0.025
280,e_demand,2030,12,16,16,0.025
281,e_demand,2030,12,17,17,0.025
282,e_demand,2030,12,18,18,0.025
283,e_demand,2030,12,19,19,0.035
284,e_demand,2030,12,20,20,0.035
285,e_demand,2030,12,21,21,0.035
286,e_demand,2030,12,22,22,0.025
287,e_demand,2030,12,23,23,0.025
288,e_demand,2030,12,24,24,0.025
289,e_demand,2030,13,1,1,0.025
290,e_demand,2030,13,2,2,0.025
291,e_demand,2030,13,3,3,0.025
292,e_demand,2030,13,4,4,0.025
293,e_demand,2030,13,5,5,0.025
294,e_demand,2030,13,6,6,0.025
295,e_demand,2030,13,7,7,0.025
296,e_demand,2030,13,8,8,0.025
297,e_demand,2030,13,9,9,0.025
298,e_demand,2030,13,10,10,0.025
299,e_demand,2030,13,11,11,0.025
300,e_demand,2030,13,12,12,0.025
301,e_demand,2030,13,13,13,0.025
302,e_demand,2030,13,14,14,0.025
303,e_demand,2030,13,15,15,0.025
304,e_demand,2030,13,16,16,0.025
305,e_demand,2030,13,17,17,0.025
306,e_demand,2030,13,18,18,0.035
307,e_demand,2030,13,19,19,0.035
308,e_demand,2030,13,20,20,0.035
309,e_demand,2030,13,21,21,0.035
310,e_demand,2030,13,22,22,0.035
311,e_demand,2030,13,23,23,0.025
312,e_demand,2030,13,24,24,0.025
313,e_demand,2030,14,1,1,0.025
314,e_demand,2030,14,2,2,0.025
315,e_demand,2030,14,3,3,0.025
316,e_demand,2030,14,4,4,0.025
317,e_demand,2030,14,5,5,0.025
318,e_demand,2030,14,6,6,0.025
319,e_demand,2030,14,7,7,0.025
320,e_demand,2030,14,8,8,0.025
321,e_demand,2030,14,9,9,0.025
322,e_demand,2030,14,10,10,0.025
323,e_demand,2030,14,11,11,0.025
324,e_demand,2030,14,12,12,0.025
325,e_demand,2030,14,13,13,0.025
326,e_demand,2030,14,14,14,0.025
327,e_demand,2030,14,15,15,0.025
328,e_demand,2030,14,16,16,0.025
329,e_demand,2030,14,17,17,0.025
330,e_demand,2030,14,18,18,0.025
331,e_demand,2030,14,19,19,0.025
332,e_demand,2030,14,20,20,0.035
333,e_demand,2030,14,21,21,0.035
334,e_demand,2030,14,22,22,0.025
335,e_demand,2030,14,23,23,0.025
336,e_demand,2030,14,24,24,0.025
337,e_demand,2030,15,1,1,0.025
338,e_demand,2030,15,2,2,0.025
339,e_demand,2030,15,3,3,0.025
340,e_demand,2030,15,4,4,0.025
341,e_demand,2030,15,5,5,0.025
342,e_demand,2030,15,6,6,0.025
343,e_demand,2030,15,7,7,0.025
344,e_demand,2030,15,8,8,0.025
345,e_demand,2030,15,9,9,0.025
346,e_demand,2030,15,10,10,0.025
347,e_demand,2030,15,11,11,0.025
348,e_demand,2030,15,12,12,0.025
349,e_demand,2030,15,13,13,0.025
350,e_demand,2030,15,14,14,0.025
351,e_demand,2030,15,15,15,0.025
352,e_demand,2030,15,16,16,0.025
353,e_demand,2030,15,17,17,0.025
354,e_demand,2030,15,18,18,0.025
355,e_demand,2030,15,19,19,0.025
356,e_demand,2030,15,20,20,0.035
357,e_demand,2030,15,21,21,0.035
358,e_demand,2030,15,22,22,0.035
359,e_demand,2030,15,23,23,0.025
360,e_demand,2030,15,24,24,0.025
361,e_demand,2030,16,1,1,0.025
362,e_demand,2030,16,2,2,0.025
363,e_demand,2030,16,3,3,0.025
364,e_demand,2030,16,4,4,0.025
365,e_demand,2030,16,5,5,0.025
366,e_demand,2030,16,6,6,0.025
367,e_demand,2030,16,7,7,0.025
368,e_demand,2030,16,8,8,0.035
369,e_demand,2030,16,9,9,0.025
370,e_demand,2030,16,10,10,0.025
371,e_demand,2030,16,11,11,0.025
372,e_demand,2030,16,12,12,0.025
373,e_demand,2030,16,13,13,0.025
374,e_demand,2030,16,14,14,0.025
375,e_demand,2030,16,15,15,0.025
376,e_demand,2030,16,16,16,0.025
377,e_demand,2030,16,17,17,0.025
378,e_demand,2030,16,18,18,0.025
379,e_demand,2030,16,19,19,0.035
380,e_demand,2030,16,20,20,0.035
381,e_demand,2030,16,21,21,0.025
382,e_demand,2030,16,22,22,0.025
383,e_demand,2030,16,23,23,0.025
384,e_demand,2030,16,24,24,0.025
385,e_demand,2030,17,1,1,0.025
386,e_demand,2030,17,2,2,0.025
387,e_demand,2030,17,3,3,0.025
388,e_demand,2030,17,4,4,0.025
389,e_demand,2030,17,5,5,0.025
390,e_demand,2030,17,6,6,0.025
391,e_demand,2030,17,7,7,0.025
392,e_demand,2030,17,8,8,0.025
393,e_demand,2030,17,9,9,0.025
394,e_demand,2030,17,10,10,0.025
395,e_demand,2030,17,11,11,0.025
396,e_demand,2030,17,12,12,0.025
397,e_demand,2030,17,13,13,0.025
398,e_demand,2030,17,14,14,0.025
399,e_demand,2030,17,15,15,0.025
400,e_demand,2030,17,16,16,0.025
401,e_demand,2030,17,17,17,0.025
402,e_demand,2030,17,18,18,0.025
403,e_demand,2030,17,19,19,0.025
404,e_demand,2030,17,20,20,0.035
405,e_demand,2030,17,21,21,0.035
406,e_demand,2030,17,22,22,0.025
407,e_demand,2030,17,23,23,0.025
408,e_demand,2030,17,24,24,0.025
409,e_demand,2030,18,1,1,0.025
410,e_demand,2030,18,2,2,0.025
411,e_demand,2030,18,3,3,0.025
412,e_demand,2030,18,4,4,0.025
413,e_demand,2030,18,5,5,0.025
414,e_demand,2030,18,6,6,0.025
415,e_demand,2030,18,7,7,0.035
416,e_demand,2030,18,8,8,0.025
417,e_demand,2030,18,9,9,0.025
418,e_demand,2030,18,10,10,0.025
419,e_demand,2030,18,11,11,0.025
420,e_demand,2030,18,12,12,0.025
421,e_demand,2030,18,13,13,0.025
422,e_demand,2030,18,14,14,0.025
423,e_demand,2030,18,15,15,0.025
424,e_demand,2030,18,16,16,0.025
425,e_demand,2030,18,17,17,0.025
426,e_demand,2030,18,18,18,0.025
427,e_demand,2030,18,19,19,0.035
428,e_demand,2030,18,20,20,0.035
429,e_demand,2030,18,21,21,0.035
430,e_demand,2030,18,22,22,0.035
431,e_demand,2030,18,23,23,0.025
432,e_demand,2030,18,24,24,0.025
433,e_demand,2030,19,1,1,0.025
434,e_demand,2030,19,2,2,0.025
435,e_demand,2030,19,3,3,0.025
436,e_demand,2030,19,4,4,0.025
437,e_demand,2030,19,5,5,0.025
438,e_demand,2030,19,6,6,0.025
439,e_demand,2030,19,7,7,0.025
440,e_demand,2030,19,8,8,0.025
441,e_demand,2030,19,9,9,0.025
442,e_demand,2030,19,10,10,0.025
443,e_demand,2030,19,11,11,0.025
444,e_demand,2030,19,12,12,0.025
445,e_demand,2030,19,13,13,0.025
446,e_demand,2030,19,14,14,0.025
447,e_demand,2030,19,15,15,0.025
448,e_demand,2030,19,16,16,0.025
449,e_demand,2030,19,17,17,0.025
450,e_demand,2030,19,18,18,0.025
451,e_demand,2030,19,19,19,0.025
452,e_demand,2030,19,20,20,0.025
453,e_demand,2030,19,21,21,0.025
454,e_demand,2030,19,22,22,0.025
455,e_demand,2030,19,23,23,0.025
456,e_demand,2030,19,24,24,0.025
457,e_demand,2030,20,1,1,0.025
458,e_demand,2030,20,2,2,0.025
459,e_demand,2030,20,3,3,0.025
460,e_demand,2030,20,4,4,0.025
461,e_demand,2030,20,5,5,0.025
462,e_demand,2030,20,6,6,0.025
463,e_demand,2030,20,7,7,0.025
464,e_demand,2030,20,8,8,0.025
465,e_demand,2030,20,9,9,0.025
466,e_demand,2030,20,10,10,0.025
467,e_demand,2030,20,11,11,0.025
468,e_demand,2030,20,12,12,0.025
469,e_demand,2030,20,13,13,0.025
470,e_demand,2030,20,14,14,0.025
471,e_demand,2030,20,15,15,0.025
472,e_demand,2030,20,16,16,0.025
473,e_demand,2030,20,17,17,0.035
474,e_demand,2030,20,18,18,0.035
475,e_demand,2030,20,19,19,0.035
476,e_demand,2030,20,20,20,0.035
477,e_demand,2030,20,21,21,0.035
478,e_demand,2030,20,22,22,0.035
479,e_demand,2030,20,23,23,0.025
480,e_demand,2030,20,24,24,0.025
481,e_demand,2030,21,1,1,0.025
482,e_demand,2030,21,2,2,0.025
483,e_demand,2030,21,3,3,0.025
484,e_demand,2030,21,4,4,0.025
485,e_demand,2030,21,5,5,0.025
486,e_demand,2030,21,6,6,0.025
487,e_demand,2030,21,7,7,0.025
488,e_demand,2030,21,8,8,0.025
489,e_demand,2030,21,9,9,0.025
490,e_demand,2030,21,10,10,0.025
491,e_demand,2030,21,11,11,0.025
492,e_demand,2030,21,12,12,0.025
493,e_demand,2030,21,13,13,0.025
494,e_demand,2030,21,14,14,0.025
495,e_demand,2030,21,15,15,0.025
496,e_demand,2030,21,16,16,0.025
497,e_demand,2030,21,17,17,0.025
498,e_demand,2030,21,18,18,0.025
499,e_demand,2030,21,19,19,0.025
500,e_demand,2030,21,20,20,0.035
501,e_demand,2030,21,21,21,0.035
502,e_demand,2030,21,22,22,0.025
503,e_demand,2030,21,23,23,0.025
504,e_demand,2030,21,24,24,0.025
505,e_demand,2030,22,1,1,0.025
506,e_demand,2030,22,2,2,0.025
507,e_demand,2030,22,3,3,0.025
508,e_demand,2030,22,4,4,0.025
509,e_demand,2030,22,5,5,0.025
510,e_demand,2030,22,6,6,0.025
511,e_demand,2030,22,7,7,0.025
512,e_demand,2030,22,8,8,0.025
513,e_demand,2030,22,9,9,0.025
514,e_demand,2030,22,10,10,0.025
515,e_demand,2030,22,11,11,0.025
516,e_demand,2030,22,12,12,0.025
517,e_demand,2030,22,13,13,0.025
518,e_demand,2030,22,14,14,0.025
519,e_demand,2030,22,15,15,0.025
520,e_demand,2030,22,16,16,0.025
521,e_demand,2030,22,17,17,0.025
522,e_demand,2030,22,18,18,0.025
523,e_demand,2030,22,19,19,0.035
524,e_demand,2030,22,20,20,0.035
525,e_demand,2030,22,21,21,0.035
526,e_demand,2030,22,22,22,0.025
527,e_demand,2030,22,23,23,0.025
528,e_demand,2030,22,24,24,0.025
529,e_demand,2030,23,1,1,0.025
530,e_demand,2030,23,2,2,0.025
531,e_demand,2030,23,3,3,0.025
532,e_demand,2030,23,4,4,0.025
533,e_demand,2030,23,5,5,0.025
534,e_demand,2030,23,6,6,0.025
535,e_demand,2030,23,7,7,0.025
536,e_demand,2030,23,8,8,0.025
537,e_demand,2030,23,9,9,0.025
538,e_demand,2030,23,10,10,0.025
539,e_demand,2030,23,11,11,0.025
540,e_demand,2030,23,12,12,0.025
541,e_demand,2030,23,13,13,0.025
542,e_demand,2030,23,14,14,0.025
543,e_demand,2030,23,15,15,0.025
544,e_demand,2030,23,16,16,0.025
545,e_demand,2030,23,17,17,0.025
546,e_demand,2030,23,18,18,0.035
547,e_demand,2030,23,19,19,0.035
548,e_demand,2030,23,20,20,0.035
549,e_demand,2030,23,21,21,0.035
550,e_demand,2030,23,22,22,0.035
551,e_demand,2030,23,23,23,0.025
552,e_demand,2030,23,24,24,0.025
553,e_demand,2030,24,1,1,0.025
554,e_demand,2030,24,2,2,0.025
555,e_demand,2030,24,3,3,0.025
556,e_demand,2030,24,4,4,0.025
557,e_demand,2030,24,5,5,0.025
558,e_demand,2030,24,6,6,0.025
559,e_demand,2030,24,7,7,0.025
560,e_demand,2030,24,8,8,0.025
561,e_demand,2030,24,9,9,0.025
562,e_demand,2030,24,10,10,0.025
563,e_demand,2030,24,11,11,0.025
564,e_demand,2030,24,12,12,0.025
565,e_demand,2030,24,13,13,0.025
566,e_demand,2030,24,14,14,0.025
567,e_demand,2030,24,15,15,0.025
568,e_demand,2030,24,16,16,0.025
569,e_demand,2030,24,17,17,0.025
570,e_demand,2030,24,18,18,0.025
571,e_demand,2030,24,19,19,0.025
572,e_demand,2030,24,20,20,0.025
573,e_demand,2030,24,21,21,0.025
574,e_demand,2030,24,22,22,0.025
575,e_demand,2030,24,23,23,0.025
576,e_demand,2030,24,24,24,0.025
577,e_demand,2030,25,1,1,0.025
578,e_demand,2030,25,2,2,0.025
579,e_demand,2030,25,3,3,0.025
580,e_demand,2030,25,4,4,0.025
581,e_demand,2030,25,5,5,0.025
582,e_demand,2030,25,6,6,0.035
583,e_demand,2030,25,7,7,0.035
584,e_demand,2030,25,8,8,0.035
585,e_demand,2030,25,9,9,0.035
586,e_demand,2030,25,10,10,0.035
587,e_demand,2030,25,11,11,0.025
588,e_demand,2030,25,12,12,0.035
589,e_demand,2030,25,13,13,0.025
590,e_demand,2030,25,14,14,0.025
591,e_demand,2030,25,15,15,0.025
592,e_demand,2030,25,16,16,0.035
593,e_demand,2030,25,17,17,0.035
594,e_demand,2030,25,18,18,0.035
595,e_demand,2030,25,19,19,0.035
596,e_demand,2030,25,20,20,0.035
597,e_demand,2030,25,21,21,0.035
598,e_demand,2030,25,22,22,0.035
599,e_demand,2030,25,23,23,0.025
600,e_demand,2030,25,24,24,0.025
601,e_demand,2030,26,1,1,0.037829301898649824
602,e_demand,2030,26,2,2,0.037829301898649824
603,e_demand,2030,26,3,3,0.037829301898649824
604,e_demand,2030,26,4,4,0.037829301898649824
605,e_demand,2030,26,5,5,0.037829301898649824
606,e_demand,2030,26,6,6,0.037829301898649824
607,e_demand,2030,26,7,7,0.037829301898649824
608,e_demand,2030,26,8,8,0.037829301898649824
609,e_demand,2030,26,9,9,0.037829301898649824
610,e_demand,2030,26,10,10,0.037829301898649824
611,e_demand,2030,26,11,11,0.037829301898649824
612,e_demand,2030,26,12,12,0.037829301898649824
613,e_demand,2030,26,13,13,0.037829301898649824
614,e_demand,2030,26,14,14,0.037829301898649824
615,e_demand,2030,26,15,15,0.037829301898649824
616,e_demand,2030,26,16,16,0.037829301898649824
617,e_demand,2030,26,17,17,0.037829301898649824
618,e_demand,2030,26,18,18,0.037829301898649824
619,e_demand,2030,26,19,19,0.037829301898649824
620,e_demand,2030,26,20,20,0.037829301898649824
621,e_demand,2030,26,21,21,0.037829301898649824
622,e_demand,2030,26,22,22,0.037829301898649824
623,e_demand,2030,26,23,23,0.037829301898649824
624,e_demand,2030,26,24,24,0.037829301898649824
625,e_demand,2030,27,1,1,0.025
626,e_demand,2030,27,2,2,0.025
627,e_demand,2030,27,3,3,0.025
628,e_demand,2030,27,4,4,0.025
629,e_demand,2030,27,5,5,0.025
630,e_demand,2030,27,6,6,0.025
631,e_demand,2030,27,7,7,0.025
632,e_demand,2030,27,8,8,0.025
633,e_demand,2030,27,9,9,0.025
634,e_demand,2030,27,10,10,0.025
635,e_demand,2030,27,11,11,0.025
636,e_demand,2030,27,12,12,0.025
637,e_demand,2030,27,13,13,0.025
638,e_demand,2030,27,14,14,0.025
639,e_demand,2030,27,15,15,0.025
640,e_demand,2030,27,16,16,0.025
641,e_demand,2030,27,17,17,0.025
642,e_demand,2030,27,18,18,0.025
643,e_demand,2030,27,19,19,0.035
644,e_demand,2030,27,20,20,0.035
645,e_demand,2030,27,21,21,0.035
646,e_demand,2030,27,22,22,0.035
647,e_demand,2030,27,23,23,0.035
648,e_demand,2030,27,24,24,0.035
649,e_demand,2030,28,1,1,0.025
650,e_demand,2030,28,2,2,0.025
651,e_demand,2030,28,3,3,0.025
652,e_demand,2030,28,4,4,0.025
653,e_demand,2030,28,5,5,0.025
654,e_demand,2030,28,6,6,0.025
655,e_demand,2030,28,7,7,0.025
656,e_demand,2030,28,8,8,0.025
657,e_demand,2030,28,9,9,0.025
658,e_demand,2030,28,10,10,0.025
659,e_demand,2030,28,11,11,0.025
660,e_demand,2030,28,12,12,0.025
661,e_demand,2030,28,13,13,0.025
662,e_demand,2030,28,14,14,0.025
663,e_demand,2030,28,15,15,0.025
664,e_demand,2030,28,16,16,0.025
665,e_demand,2030,28,17,17,0.025
666,e_demand,2030,28,18,18,0.025
667,e_demand,2030,28,19,19,0.035
668,e_demand,2030,28,20,20,0.035
669,e_demand,2030,28,21,21,0.035
670,e_demand,2030,28,22,22,0.025
671,e_demand,2030,28,23,23,0.025
672,e_demand,2030,28,24,24,0.025
673,e_demand,2030,29,1,1,0.025
674,e_demand,2030,29,2,2,0.025
675,e_demand,2030,29,3,3,0.025
676,e_demand,2030,29,4,4,0.025
677,e_demand,2030,29,5,5,0.025
678,e_demand,2030,29,6,6,0.025
679,e_demand,2030,29,7,7,0.025
680,e_demand,2030,29,8,8,0.025
681,e_demand,2030,29,9,9,0.025
682,e_demand,2030,29,10,10,0.025
683,e_demand,2030,29,11,11,0.025
684,e_demand,2030,29,12,12,0.025
685,e_demand,2030,29,13,13,0.025
686,e_demand,2030,29,14,14,0.025
687,e_demand,2030,29,15,15,0.025
688,e_demand,2030,29,16,16,0.025
689,e_demand,2030,29,17,17,0.025
690,e_demand,2030,29,18,18,0.025
691,e_demand,2030,29,19,19,0.025
692,e_demand,2030,29,20,20,0.025
693,e_demand,2030,29,21,21,0.025
694,e_demand,2030,29,22,22,0.025
695,e_demand,2030,29,23,23,0.025
696,e_demand,2030,29,24,24,0.025
697,e_demand,2030,30,1,1,0.025
698,e_demand,2030,30,2,2,0.025
699,e_demand,2030,30,3,3,0.025
700,e_demand,2030,30,4,4,0.025
701,e_demand,2030,30,5,5,0.025
702,e_demand,2030,30,6,6,0.025
703,e_demand,2030,30,7,7,0.025
704,e_demand,2030,30,8,8,0.025
705,e_demand,2030,30,9,9,0.025
706,e_demand,2030,30,10,10,0.025
707,e_demand,2030,30,11,11,0.025
708,e_demand,2030,30,12,12,0.025
709,e_demand,2030,30,13,13,0.025
710,e_demand,2030,30,14,14,0.025
711,e_demand,2030,30,15,15,0.025
712,e_demand,2030,30,16,16,0.025
713,e_demand,2030,30,17,17,0.025
714,e_demand,2030,30,18,18,0.025
715,e_demand,2030,30,19,19,0.035
716,e_demand,2030,30,20,20,0.035
717,e_demand,2030,30,21,21,0.035
718,e_demand,2030,30,22,22,0.025
719,e_demand,2030,30,23,23,0.025
720,e_demand,2030,30,24,24,0.025
721,e_demand,2030,31,1,1,0.025300732357054823
722,e_demand,2030,31,2,2,0.025300732357054823
723,e_demand,2030,31,3,3,0.025300732357054823
724,e_demand,2030,31,4,4,0.025300732357054823
725,e_demand,2030,31,5,5,0.025300732357054823
726,e_demand,2030,31,6,6,0.025300732357054823
727,e_demand,2030,31,7,7,0.025300732357054823
728,e_demand,2030,31,8,8,0.025300732357054823
729,e_demand,2030,31,9,9,0.025300732357054823
730,e_demand,2030,31,10,10,0.025300732357054823
731,e_demand,2030,31,11,11,0.025300732357054823
732,e_demand,2030,31,12,12,0.025300732357054823
733,e_demand,2030,31,13,13,0.025300732357054823
734,e_demand,2030,31,14,14,0.025300732357054823
735,e_demand,2030,31,15,15,0.025300732357054823
736,e_demand,2030,31,16,16,0.025300732357054823
737,e_demand,2030,31,17,17,0.03542102529987676
738,e_demand,2030,31,18,18,0.03542102529987676
739,e_demand,2030,31,19,19,0.03542102529987676
740,e_demand,2030,31,20,20,0.03542102529987676
741,e_demand,2030,31,21,21,0.03542102529987676
742,e_demand,2030,31,22,22,0.03542102529987676
743,e_demand,2030,31,23,23,0.03542102529987676
744,e_demand,2030,31,24,24,0.03542102529987676
745,e_demand,2030,32,1,1,0.025410393547490823
746,e_demand,2030,32,2,2,0.025410393547490823
747,e_demand,2030,32,3,3,0.025410393547490823
748,e_demand,2030,32,4,4,0.025410393547490823
749,e_demand,2030,32,5,5,0.025410393547490823
750,e_demand,2030,32,6,6,0.025410393547490823
751,e_demand,2030,32,7,7,0.025410393547490823
752,e_demand,2030,32,8,8,0.025410393547490823
753,e_demand,2030,32,9,9,0.025410393547490823
754,e_demand,2030,32,10,10,0.025410393547490823
755,e_demand,2030,32,11,11,0.025410393547490823
756,e_demand,2030,32,12,12,0.025410393547490823
757,e_demand,2030,32,13,13,0.025410393547490823
758,e_demand,2030,32,14,14,0.025410393547490823
759,e_demand,2030,32,15,15,0.025410393547490823
760,e_demand,2030,32,16,16,0.025410393547490823
761,e_demand,2030,32,17,17,0.025410393547490823
762,e_demand,2030,32,18,18,0.025410393547490823
763,e_demand,2030,32,19,19,0.025410393547490823
764,e_demand,2030,32,20,20,0.025410393547490823
765,e_demand,2030,32,21,21,0.025410393547490823
766,e_demand,2030,32,22,22,0.025410393547490823
767,e_demand,2030,32,23,23,0.025410393547490823
768,e_demand,2030,32,24,24,0.025410393547490823
769,e_demand,2030,33,1,1,0.025
770,e_demand,2030,33,2,2,0.025
771,e_demand,2030,33,3,3,0.025
772,e_demand,2030,33,4,4,0.025
773,e_demand,2030,33,5,5,0.025
774,e_demand,2030,33,6,6,0.025
775,e_demand,2030,33,7,7,0.025
776,e_demand,2030,33,8,8,0.025
777,e_demand,2030,33,9,9,0.025
778,e_demand,2030,33,10,10,0.025
779,e_demand,2030,33,11,11,0.025
780,e_demand,2030,33,12,12,0.025
781,e_demand,2030,33,13,13,0.025
782,e_demand,2030,33,14,14,0.025
783,e_demand,2030,33,15,15,0.025
784,e_demand,2030,33,16,16,0.025
785,e_demand,2030,33,17,17,0.025
786,e_demand,2030,33,18,18,0.025
787,e_demand,2030,33,19,19,0.025
788,e_demand,2030,33,20,20,0.035
789,e_demand,2030,33,21,21,0.035
790,e_demand,2030,33,22,22,0.025
791,e_demand,2030,33,23,23,0.025
792,e_demand,2030,33,24,24,0.025
793,e_demand,2030,34,1,1,0.04719031690742231
794,e_demand,2030,34,2,2,0.04719031690742231
795,e_demand,2030,34,3,3,0.04719031690742231
796,e_demand,2030,34,4,4,0.04719031690742231
797,e_demand,2030,34,5,5,0.04719031690742231
798,e_demand,2030,34,6,6,0.04719031690742231
799,e_demand,2030,34,7,7,0.04719031690742231
800,e_demand,2030,34,8,8,0.04719031690742231
801,e_demand,2030,34,9,9,0.04719031690742231
802,e_demand,2030,34,10,10,0.04719031690742231
803,e_demand,2030,34,11,11,0.04719031690742231
804,e_demand,2030,34,12,12,0.04719031690742231
805,e_demand,2030,34,13,13,0.04719031690742231
806,e_demand,2030,34,14,14,0.04719031690742231
807,e_demand,2030,34,15,15,0.04719031690742231
808,e_demand,2030,34,16,16,0.04719031690742231
809,e_demand,2030,34,17,17,0.04719031690742231
810,e_demand,2030,34,18,18,0.04719031690742231
811,e_demand,2030,34,19,19,0.04719031690742231
812,e_demand,2030,34,20,20,0.04719031690742231
813,e_demand,2030,34,21,21,0.04719031690742231
814,e_demand,2030,34,22,22,0.04719031690742231
815,e_demand,2030,34,23,23,0.04719031690742231
816,e_demand,2030,34,24,24,0.04719031690742231
817,e_demand,2030,35,1,1,0.048614554400485566
818,e_demand,2030,35,2,2,0.048614554400485566
819,e_demand,2030,35,3,3,0.048614554400485566
820,e_demand,2030,35,4,4,0.048614554400485566
821,e_demand,2030,35,5,5,0.048614554400485566
822,e_demand,2030,35,6,6,0.048614554400485566
823,e_demand,2030,35,7,7,0.048614554400485566
824,e_demand,2030,35,8,8,0.048614554400485566
825,e_demand,2030,35,9,9,0.048614554400485566
826,e_demand,2030,35,10,10,0.048614554400485566
827,e_demand,2030,35,11,11,0.048614554400485566
828,e_demand,2030,35,12,12,0.048614554400485566
829,e_demand,2030,35,13,13,0.048614554400485566
830,e_demand,2030,35,14,14,0.048614554400485566
831,e_demand,2030,35,15,15,0.048614554400485566
832,e_demand,2030,35,16,16,0.048614554400485566
833,e_demand,2030,35,17,17,0.048614554400485566
834,e_demand,2030,35,18,18,0.048614554400485566
835,e_demand,2030,35,19,19,0.048614554400485566
836,e_demand,2030,35,20,20,0.0680603761606798
837,e_demand,2030,35,21,21,0.048614554400485566
838,e_demand,2030,35,22,22,0.048614554400485566
839,e_demand,2030,35,23,23,0.048614554400485566
840,e_demand,2030,35,24,24,0.048614554400485566
841,e_demand,2030,36,1,1,0.025
842,e_demand,2030,36,2,2,0.025
843,e_demand,2030,36,3,3,0.025
844,e_demand,2030,36,4,4,0.025
845,e_demand,2030,36,5,5,0.025
846,e_demand,2030,36,6,6,0.025
847,e_demand,2030,36,7,7,0.035
848,e_demand,2030,36,8,8,0.035
849,e_demand,2030,36,9,9,0.025
850,e_demand,2030,36,10,10,0.025
851,e_demand,2030,36,11,11,0.025
852,e_demand,2030,36,12,12,0.025
853,e_demand,2030,36,13,13,0.025
854,e_demand,2030,36,14,14,0.025
855,e_demand,2030,36,15,15,0.025
856,e_demand,2030,36,16,16,0.025
857,e_demand,2030,36,17,17,0.025
858,e_demand,2030,36,18,18,0.025
859,e_demand,2030,36,19,19,0.025
860,e_demand,2030,36,20,20,0.025
861,e_demand,2030,36,21,21,0.025
862,e_demand,2030,36,22,22,0.025
863,e_demand,2030,36,23,23,0.025
864,e_demand,2030,36,24,24,0.025
865,e_demand,2030,37,1,1,0.025
866,e_demand,2030,37,2,2,0.025
867,e_demand,2030,37,3,3,0.025
868,e_demand,2030,37,4,4,0.025
869,e_demand,2030,37,5,5,0.025
870,e_demand,2030,37,6,6,0.025
871,e_demand,2030,37,7,7,0.025
872,e_demand,2030,37,8,8,0.025
873,e_demand,2030,37,9,9,0.025
874,e_demand,2030,37,10,10,0.025
875,e_demand,2030,37,11,11,0.025
876,e_demand,2030,37,12,12,0.025
877,e_demand,2030,37,13,13,0.025
878,e_demand,2030,37,14,14,0.025
879,e_demand,2030,37,15,15,0.025
880,e_demand,2030,37,16,16,0.025
881,e_demand,2030,37,17,17,0.025
882,e_demand,2030,37,18,18,0.025
883,e_demand,2030,37,19,19,0.025
884,e_demand,2030,37,20,20,0.025
885,e_demand,2030,37,21,21,0.025
886,e_demand,2030,37,22,22,0.025
887,e_demand,2030,37,23,23,0.025
888,e_demand,2030,37,24,24,0.025
889,e_demand,2030,38,1,1,0.025
890,e_demand,2030,38,2,2,0.025
891,e_demand,2030,38,3,3,0.025
892,e_demand,2030,38,4,4,0.025
893,e_demand,2030,38,5,5,0.025
894,e_demand,2030,38,6,6,0.025
895,e_demand,2030,38,7,7,0.025
896,e_demand,2030,38,8,8,0.035
897,e_demand,2030,38,9,9,0.035
898,e_demand,2030,38,10,10,0.025
899,e_demand,2030,38,11,11,0.025
900,e_demand,2030,38,12,12,0.025
901,e_demand,2030,38,13,13,0.025
902,e_demand,2030,38,14,14,0.025
903,e_demand,2030,38,15,15,0.025
904,e_demand,2030,38,16,16,0.025
905,e_demand,2030,38,17,17,0.025
906,e_demand,2030,38,18,18,0.035
907,e_demand,2030,38,19,19,0.035
908,e_demand,2030,38,20,20,0.035
909,e_demand,2030,38,21,21,0.035
910,e_demand,2030,38,22,22,0.035
911,e_demand,2030,38,23,23,0.035
912,e_demand,2030,38,24,24,0.025
913,e_demand,2030,39,1,1,0.025
914,e_demand,2030,39,2,2,0.025
915,e_demand,2030,39,3,3,0.025
916,e_demand,2030,39,4,4,0.025
917,e_demand,2030,39,5,5,0.025
918,e_demand,2030,39,6,6,0.025
919,e_demand,2030,39,7,7,0.025
920,e_demand,2030,39,8,8,0.025
921,e_demand,2030,39,9,9,0.025
922,e_demand,2030,39,10,10,0.025
923,e_demand,2030,39,11,11,0.025
924,e_demand,2030,39,12,12,0.025
925,e_demand,2030,39,13,13,0.025
926,e_demand,2030,39,14,14,0.025
927,e_demand,2030,39,15,15,0.025
928,e_demand,2030,39,16,16,0.025
929,e_demand,2030,39,17,17,0.025
930,e_demand,2030,39,18,18,0.025
931,e_demand,2030,39,19,19,0.025
932,e_demand,2030,39,20,20,0.025
933,e_demand,2030,39,21,21,0.025
934,e_demand,2030,39,22,22,0.025
935,e_demand,2030,39,23,23,0.025
936,e_demand,2030,39,24,24,0.025
937,e_demand,2030,40,1,1,0.025
938,e_demand,2030,40,2,2,0.025
939,e_demand,2030,40,3,3,0.025
940,e_demand,2030,40,4,4,0.025
941,e_demand,2030,40,5,5,0.025
942,e_demand,2030,40,6,6,0.025
943,e_demand,2030,40,7,7,0.025
944,e_demand,2030,40,8,8,0.025
945,e_demand,2030,40,9,9,0.025
946,e_demand,2030,40,10,10,0.025
947,e_demand,2030,40,11,11,0.025
948,e_demand,2030,40,12,12,0.025
949,e_demand,2030,40,13,13,0.025
950,e_demand,2030,40,14,14,0.025
951,e_demand,2030,40,15,15,0.025
952,e_demand,2030,40,16,16,0.025
953,e_demand,2030,40,17,17,0.025
954,e_demand,2030,40,18,18,0.025
955,e_demand,2030,40,19,19,0.035
956,e_demand,2030,40,20,20,0.035
957,e_demand,2030,40,21,21,0.035
958,e_demand,2030,40,22,22,0.025
959,e_demand,2030,40,23,23,0.025
960,e_demand,2030,40,24,24,0.025
961,e_demand,2030,41,1,1,0.025270833964204133
962,e_demand,2030,41,2,2,0.025270833964204133
963,e_demand,2030,41,3,3,0.025270833964204133
964,e_demand,2030,41,4,4,0.025270833964204133
965,e_demand,2030,41,5,5,0.025270833964204133
966,e_demand,2030,41,6,6,0.025270833964204133
967,e_demand,2030,41,7,7,0.025270833964204133
968,e_demand,2030,41,8,8,0.025270833964204133
969,e_demand,2030,41,9,9,0.025270833964204133
970,e_demand,2030,41,10,10,0.025270833964204133
971,e_demand,2030,41,11,11,0.025270833964204133
972,e_demand,2030,41,12,12,0.025270833964204133
973,e_demand,2030,41,13,13,0.025270833964204133
974,e_demand,2030,41,14,14,0.025270833964204133
975,e_demand,2030,41,15,15,0.025270833964204133
976,e_demand,2030,41,16,16,0.025270833964204133
977,e_demand,2030,41,17,17,0.025270833964204133
978,e_demand,2030,41,18,18,0.035379167549885786
979,e_demand,2030,41,19,19,0.035379167549885786
980,e_demand,2030,41,20,20,0.035379167549885786
981,e_demand,2030,41,21,21,0.035379167549885786
982,e_demand,2030,41,22,22,0.025270833964204133
983,e_demand,2030,41,23,23,0.025270833964204133
984,e_demand,2030,41,24,24,0.025270833964204133
985,e_demand,2030,42,1,1,0.025
986,e_demand,2030,42,2,2,0.025
987,e_demand,2030,42,3,3,0.025
988,e_demand,2030,42,4,4,0.025
989,e_demand,2030,42,5,5,0.025
990,e_demand,2030,42,6,6,0.025
991,e_demand,2030,42,7,7,0.025
992,e_demand,2030,42,8,8,0.025
993,e_demand,2030,42,9,9,0.025
994,e_demand,2030,42,10,10,0.025
995,e_demand,2030,42,11,11,0.025
996,e_demand,2030,42,12,12,0.025
997,e_demand,2030,42,13,13,0.025
998,e_demand,2030,42,14,14,0.025
999,e_demand,2030,42,15,15,0.025
1000,e_demand,2030,42,16,16,0.025
1001,e_demand,2030,42,17,17,0.025
1002,e_demand,2030,42,18,18,0.025
1003,e_demand,2030,42,19,19,0.025
1004,e_demand,2030,42,20,20,0.025
1005,e_demand,2030,42,21,21,0.025
1006,e_demand,2030,42,22,22,0.025
1007,e_demand,2030,42,23,23,0.025
1008,e_demand,2030,42,24,24,0.025
1009,e_demand,2030,43,1,1,0.025
1010,e_demand,2030,43,2,2,0.025
1011,e_demand,2030,43,3,3,0.025
1012,e_demand,2030,43,4,4,0.025
1013,e_demand,2030,43,5,5,0.025
1014,e_demand,2030,43,6,6,0.025
1015,e_demand,2030,43,7,7,0.025
1016,e_demand,2030,43,8,8,0.025
1017,e_demand,2030,43,9,9,0.025
1018,e_demand,2030,43,10,10,0.025
1019,e_demand,2030,43,11,11,0.025
1020,e_demand,2030,43,12,12,0.025
1021,e_demand,2030,43,13,13,0.025
1022,e_demand,2030,43,14,14,0.025
1023,e_demand,2030,43,15,15,0.025
1024,e_demand,2030,43,16,16,0.025
1025,e_demand,2030,43,17,17,0.025
1026,e_demand,2030,43,18,18,0.025
1027,e_demand,2030,43,19,19,0.025
1028,e_demand,2030,43,20,20,0.025
1029,e_demand,2030,43,21,21,0.025
1030,e_demand,2030,43,22,22,0.025
1031,e_demand,2030,43,23,23,0.025
1032,e_demand,2030,43,24,24,0.025
1033,e_demand,2030,44,1,1,0.06372988912368667
1034,e_demand,2030,44,2,2,0.06372988912368667
1035,e_demand,2030,44,3,3,0.06372988912368667
1036,e_demand,2030,44,4,4,0.06372988912368667
1037,e_demand,2030,44,5,5,0.06372988912368667
1038,e_demand,2030,44,6,6,0.06372988912368667
1039,e_demand,2030,44,7,7,0.06372988912368667
1040,e_demand,2030,44,8,8,0.06372988912368667
1041,e_demand,2030,44,9,9,0.06372988912368667
1042,e_demand,2030,44,10,10,0.06372988912368667
1043,e_demand,2030,44,11,11,0.06372988912368667
1044,e_demand,2030,44,12,12,0.06372988912368667
1045,e_demand,2030,44,13,13,0.06372988912368667
1046,e_demand,2030,44,14,14,0.06372988912368667
1047,e_demand,2030,44,15,15,0.06372988912368667
1048,e_demand,2030,44,16,16,0.06372988912368667
1049,e_demand,2030,44,17,17,0.06372988912368667
1050,e_demand,2030,44,18,18,0.06372988912368667
1051,e_demand,2030,44,19,19,0.06372988912368667
1052,e_demand,2030,44,20,20,0.06372988912368667
1053,e_demand,2030,44,21,21,0.06372988912368667
1054,e_demand,2030,44,22,22,0.06372988912368667
1055,e_demand,2030,44,23,23,0.06372988912368667
1056,e_demand,2030,44,24,24,0.06372988912368667
1057,e_demand,2030,45,1,1,0.043604224258435034
1058,e_demand,2030,45,2,2,0.043604224258435034
1059,e_demand,2030,45,3,3,0.043604224258435034
1060,e_demand,2030,45,4,4,0.043604224258435034
1061,e_demand,2030,45,5,5,0.043604224258435034
1062,e_demand,2030,45,6,6,0.043604224258435034
1063,e_demand,2030,45,7,7,0.043604224258435034
1064,e_demand,2030,45,8,8,0.043604224258435034
1065,e_demand,2030,45,9,9,0.043604224258435034
1066,e_demand,2030,45,10,10,0.043604224258435034
1067,e_demand,2030,45,11,11,0.043604224258435034
1068,e_demand,2030,45,12,12,0.043604224258435034
1069,e_demand,2030,45,13,13,0.043604224258435034
1070,e_demand,2030,45,14,14,0.043604224258435034
1071,e_demand,2030,45,15,15,0.043604224258435034
1072,e_demand,2030,45,16,16,0.043604224258435034
1073,e_demand,2030,45,17,17,0.043604224258435034
1074,e_demand,2030,45,18,18,0.043604224258435034
1075,e_demand,2030,45,19,19,0.043604224258435034
1076,e_demand,2030,45,20,20,0.043604224258435034
1077,e_demand,2030,45,21,21,0.043604224258435034
1078,e_demand,2030,45,22,22,0.043604224258435034
1079,e_demand,2030,45,23,23,0.043604224258435034
1080,e_demand,2030,45,24,24,0.043604224258435034
1081,e_demand,2030,46,1,1,0.044630003052069364
1082,e_demand,2030,46,2,2,0.044630003052069364
1083,e_demand,2030,46,3,3,0.044630003052069364
1084,e_demand,2030,46,4,4,0.044630003052069364
1085,e_demand,2030,46,5,5,0.044630003052069364
1086,e_demand,2030,46,6,6,0.044630003052069364
1087,e_demand,2030,46,7,7,0.044630003052069364
1088,e_demand,2030,46,8,8,0.044630003052069364
1089,e_demand,2030,46,9,9,0.044630003052069364
1090,e_demand,2030,46,10,10,0.044630003052069364
1091,e_demand,2030,46,11,11,0.044630003052069364
1092,e_demand,2030,46,12,12,0.044630003052069364
1093,e_demand,2030,46,13,13,0.044630003052069364
1094,e_demand,2030,46,14,14,0.044630003052069364
1095,e_demand,2030,46,15,15,0.044630003052069364
1096,e_demand,2030,46,16,16,0.044630003052069364
1097,e_demand,2030,46,17,17,0.044630003052069364
1098,e_demand,2030,46,18,18,0.044630003052069364
1099,e_demand,2030,46,19,19,0.044630003052069364
1100,e_demand,2030,46,20,20,0.044630003052069364
1101,e_demand,2030,46,21,21,0.044630003052069364
1102,e_demand,2030,46,22,22,0.044630003052069364
1103,e_demand,2030,46,23,23,0.044630003052069364
1104,e_demand,2030,46,24,24,0.044630003052069364
1105,e_demand,2030,47,1,1,0.04294481423008353
1106,e_demand,2030,47,2,2,0.04294481423008353
1107,e_demand,2030,47,3,3,0.04294481423008353
1108,e_demand,2030,47,4,4,0.04294481423008353
1109,e_demand,2030,47,5,5,0.04294481423008353
1110,e_demand,2030,47,6,6,0.04294481423008353
1111,e_demand,2030,47,7,7,0.04294481423008353
1112,e_demand,2030,47,8,8,0.04294481423008353
1113,e_demand,2030,47,9,9,0.04294481423008353
1114,e_demand,2030,47,10,10,0.04294481423008353
1115,e_demand,2030,47,11,11,0.04294481423008353
1116,e_demand,2030,47,12,12,0.04294481423008353
1117,e_demand,2030,47,13,13,0.04294481423008353
1118,e_demand,2030,47,14,14,0.04294481423008353
1119,e_demand,2030,47,15,15,0.04294481423008353
1120,e_demand,2030,47,16,16,0.04294481423008353
1121,e_demand,2030,47,17,17,0.04294481423008353
1122,e_demand,2030,47,18,18,0.04294481423008353
1123,e_demand,2030,47,19,19,0.04294481423008353
1124,e_demand,2030,47,20,20,0.04294481423008353
1125,e_demand,2030,47,21,21,0.04294481423008353
1126,e_demand,2030,47,22,22,0.04294481423008353
1127,e_demand,2030,47,23,23,0.04294481423008353
1128,e_demand,2030,47,24,24,0.04294481423008353
1129,e_demand,2030,48,1,1,0.025
1130,e_demand,2030,48,2,2,0.025
1131,e_demand,2030,48,3,3,0.025
1132,e_demand,2030,48,4,4,0.025
1133,e_demand,2030,48,5,5,0.025
1134,e_demand,2030,48,6,6,0.025
1135,e_demand,2030,48,7,7,0.035
1136,e_demand,2030,48,8,8,0.035
1137,e_demand,2030,48,9,9,0.025
1138,e_demand,2030,48,10,10,0.025
1139,e_demand,2030,48,11,11,0.025
1140,e_demand,2030,48,12,12,0.025
1141,e_demand,2030,48,13,13,0.025
1142,e_demand,2030,48,14,14,0.025
1143,e_demand,2030,48,15,15,0.025
1144,e_demand,2030,48,16,16,0.025
1145,e_demand,2030,48,17,17,0.025
1146,e_demand,2030,48,18,18,0.025
1147,e_demand,2030,48,19,19,0.035
1148,e_demand,2030,48,20,20,0.035
1149,e_demand,2030,48,21,21,0.035
1150,e_demand,2030,48,22,22,0.025
1151,e_demand,2030,48,23,23,0.025
1152,e_demand,2030,48,24,24,0.025
1153,e_demand,2030,49,1,1,0.025
1154,e_demand,2030,49,2,2,0.025
1155,e_demand,2030,49,3,3,0.025
1156,e_demand,2030,49,4,4,0.025
1157,e_demand,2030,49,5,5,0.025
1158,e_demand,2030,49,6,6,0.025
1159,e_demand,2030,49,7,7,0.025
1160,e_demand,2030,49,8,8,0.025
1161,e_demand,2030,49,9,9,0.025
1162,e_demand,2030,49,10,10,0.025
1163,e_demand,2030,49,11,11,0.025
1164,e_demand,2030,49,12,12,0.025
1165,e_demand,2030,49,13,13,0.025
1166,e_demand,2030,49,14,14,0.025
1167,e_demand,2030,49,15,15,0.025
1168,e_demand,2030,49,16,16,0.025
1169,e_demand,2030,49,17,17,0.025
1170,e_demand,2030,49,18,18,0.035
1171,e_demand,2030,49,19,19,0.035
1172,e_demand,2030,49,20,20,0.035
1173,e_demand,2030,49,21,21,0.035
1174,e_demand,2030,49,22,22,0.025
1175,e_demand,2030,49,23,23,0.025
1176,e_demand,2030,49,24,24,0.025
1177,e_demand,2030,50,1,1,0.025
1178,e_demand,2030,50,2,2,0.025
1179,e_demand,2030,50,3,3,0.025
1180,e_demand,2030,50,4,4,0.025
1181,e_demand,2030,50,5,5,0.025
1182,e_demand,2030,50,6,6,0.025
1183,e_demand,2030,50,7,7,0.035
1184,e_demand,2030,50,8,8,0.035
1185,e_demand,2030,50,9,9,0.025
1186,e_demand,2030,50,10,10,0.025
1187,e_demand,2030,50,11,11,0.025
1188,e_demand,2030,50,12,12,0.025
1189,e_demand,2030,50,13,13,0.025
1190,e_demand,2030,50,14,14,0.025
1191,e_demand,2030,50,15,15,0.025
1192,e_demand,2030,50,16,16,0.025
1193,e_demand,2030,50,17,17,0.025
1194,e_demand,2030,50,18,18,0.035
1195,e_demand,2030,50,19,19,0.035
1196,e_demand,2030,50,20,20,0.035
1197,e_demand,2030,50,21,21,0.035
1198,e_demand,2030,50,22,22,0.025
1199,e_demand,2030,50,23,23,0.025
1200,e_demand,2030,50,24,24,0.025
1201,e_demand,2030,51,1,1,0.025
1202,e_demand,2030,51,2,2,0.025
1203,e_demand,2030,51,3,3,0.025
1204,e_demand,2030,51,4,4,0.025
1205,e_demand,2030,51,5,5,0.025
1206,e_demand,2030,51,6,6,0.025
1207,e_demand,2030,51,7,7,0.025
1208,e_demand,2030,51,8,8,0.025
1209,e_demand,2030,51,9,9,0.025
1210,e_demand,2030,51,10,10,0.025
1211,e_demand,2030,51,11,11,0.025
1212,e_demand,2030,51,12,12,0.025
1213,e_demand,2030,51,13,13,0.025
1214,e_demand,2030,51,14,14,0.025
1215,e_demand,2030,51,15,15,0.025
1216,e_demand,2030,51,16,16,0.025
1217,e_demand,2030,51,17,17,0.025
1218,e_demand,2030,51,18,18,0.025
1219,e_demand,2030,51,19,19,0.025
1220,e_demand,2030,51,20,20,0.025
1221,e_demand,2030,51,21,21,0.025
1222,e_demand,2030,51,22,22,0.025
1223,e_demand,2030,51,23,23,0.025
1224,e_demand,2030,51,24,24,0.025
1225,e_demand,2030,52,1,1,0.025
1226,e_demand,2030,52,2,2,0.025
1227,e_demand,2030,52,3,3,0.025
1228,e_demand,2030,52,4,4,0.025
1229,e_demand,2030,52,5,5,0.025
1230,e_demand,2030,52,6,6,0.025
1231,e_demand,2030,52,7,7,0.025
1232,e_demand,2030,52,8,8,0.025
1233,e_demand,2030,52,9,9,0.025
1234,e_demand,2030,52,10,10,0.025
1235,e_demand,2030,52,11,11,0.025
1236,e_demand,2030,52,12,12,0.025
1237,e_demand,2030,52,13,13,0.025
1238,e_demand,2030,52,14,14,0.025
1239,e_demand,2030,52,15,15,0.025
1240,e_demand,2030,52,16,16,0.025
1241,e_demand,2030,52,17,17,0.025
1242,e_demand,2030,52,18,18,0.025
1243,e_demand,2030,52,19,19,0.025
1244,e_demand,2030,52,20,20,0.025
1245,e_demand,2030,52,21,21,0.025
1246,e_demand,2030,52,22,22,0.025
1247,e_demand,2030,52,23,23,0.025
1248,e_demand,2030,52,24,24,0.025
1249,e_demand,2030,53,1,1,0.025
1250,e_demand,2030,53,2,2,0.025
1251,e_demand,2030,53,3,3,0.025
1252,e_demand,2030,53,4,4,0.025
1253,e_demand,2030,53,5,5,0.025
1254,e_demand,2030,53,6,6,0.025
1255,e_demand,2030,53,7,7,0.025
1256,e_demand,2030,53,8,8,0.025
1257,e_demand,2030,53,9,9,0.025
1258,e_demand,2030,53,10,10,0.025
1259,e_demand,2030,53,11,11,0.025
1260,e_demand,2030,53,12,12,0.025
1261,e_demand,2030,53,13,13,0.025
1262,e_demand,2030,53,14,14,0.025
1263,e_demand,2030,53,15,15,0.025
1264,e_demand,2030,53,16,16,0.025
1265,e_demand,2030,53,17,17,0.025
1266,e_demand,2030,53,18,18,0.025
1267,e_demand,2030,53,19,19,0.025
1268,e_demand,2030,53,20,20,0.025
1269,e_demand,2030,53,21,21,0.025
1270,e_demand,2030,53,22,22,0.025
1271,e_demand,2030,53,23,23,0.025
1272,e_demand,2030,53,24,24,0.025
1273,e_demand,2030,54,1,1,0.025
1274,e_demand,2030,54,2,2,0.025
1275,e_demand,2030,54,3,3,0.025
1276,e_demand,2030,54,4,4,0.025
1277,e_demand,2030,54,5,5,0.025
1278,e_demand,2030,54,6,6,0.025
1279,e_demand,2030,54,7,7,0.025
1280,e_demand,2030,54,8,8,0.025
1281,e_demand,2030,54,9,9,0.025
1282,e_demand,2030,54,10,10,0.025
1283,e_demand,2030,54,11,11,0.025
1284,e_demand,2030,54,12,12,0.025
1285,e_demand,2030,54,13,13,0.025
1286,e_demand,2030,54,14,14,0.025
1287,e_demand,2030,54,15,15,0.025
1288,e_demand,2030,54,16,16,0.025
1289,e_demand,2030,54,17,17,0.025
1290,e_demand,2030,54,18,18,0.025
1291,e_demand,2030,54,19,19,0.025
1292,e_demand,2030,54,20,20,0.025
1293,e_demand,2030,54,21,21,0.025
1294,e_demand,2030,54,22,22,0.025
1295,e_demand,2030,54,23,23,0.025
1296,e_demand,2030,54,24,24,0.025
1297,e_demand,2030,55,1,1,0.025
1298,e_demand,2030,55,2,2,0.025
1299,e_demand,2030,55,3,3,0.025
1300,e_demand,2030,55,4,4,0.025
1301,e_demand,2030,55,5,5,0.025
1302,e_demand,2030,55,6,6,0.025
1303,e_demand,2030,55,7,7,0.025
1304,e_demand,2030,55,8,8,0.025
1305,e_demand,2030,55,9,9,0.025
1306,e_demand,2030,55,10,10,0.025
1307,e_demand,2030,55,11,11,0.025
1308,e_demand,2030,55,12,12,0.025
1309,e_demand,2030,55,13,13,0.025
1310,e_demand,2030,55,14,14,0.025
1311,e_demand,2030,55,15,15,0.025
1312,e_demand,2030,55,16,16,0.025
1313,e_demand,2030,55,17,17,0.025
1314,e_demand,2030,55,18,18,0.025
1315,e_demand,2030,55,19,19,0.025
1316,e_demand,2030,55,20,20,0.025
1317,e_demand,2030,55,21,21,0.025
1318,e_demand,2030,55,22,22,0.025
1319,e_demand,2030,55,23,23,0.025
1320,e_demand,2030,55,24,24,0.025
1321,e_demand,2030,56,1,1,0.035
1322,e_demand,2030,56,2,2,0.035
1323,e_demand,2030,56,3,3,0.035
1324,e_demand,2030,56,4,4,0.035
1325,e_demand,2030,56,5,5,0.035
1326,e_demand,2030,56,6,6,0.025
1327,e_demand,2030,56,7,7,0.025
1328,e_demand,2030,56,8,8,0.025
1329,e_demand,2030,56,9,9,0.025
1330,e_demand,2030,56,10,10,0.025
1331,e_demand,2030,56,11,11,0.025
1332,e_demand,2030,56,12,12,0.025
1333,e_demand,2030,56,13,13,0.025
1334,e_demand,2030,56,14,14,0.025
1335,e_demand,2030,56,15,15,0.025
1336,e_demand,2030,56,16,16,0.025
1337,e_demand,2030,56,17,17,0.025
1338,e_demand,2030,56,18,18,0.025
1339,e_demand,2030,56,19,19,0.035
1340,e_demand,2030,56,20,20,0.035
1341,e_demand,2030,56,21,21,0.025
1342,e_demand,2030,56,22,22,0.025
1343,e_demand,2030,56,23,23,0.025
1344,e_demand,2030,56,24,24,0.025
1345,e_demand,2030,57,1,1,0.025
1346,e_demand,2030,57,2,2,0.025
1347,e_demand,2030,57,3,3,0.025
1348,e_demand,2030,57,4,4,0.025
1349,e_demand,2030,57,5,5,0.025
1350,e_demand,2030,57,6,6,0.025
1351,e_demand,2030,57,7,7,0.025
1352,e_demand,2030,57,8,8,0.025
1353,e_demand,2030,57,9,9,0.025
1354,e_demand,2030,57,10,10,0.025
1355,e_demand,2030,57,11,11,0.025
1356,e_demand,2030,57,12,12,0.025
1357,e_demand,2030,57,13,13,0.025
1358,e_demand,2030,57,14,14,0.025
1359,e_demand,2030,57,15,15,0.025
1360,e_demand,2030,57,16,16,0.025
1361,e_demand,2030,57,17,17,0.025
1362,e_demand,2030,57,18,18,0.025
1363,e_demand,2030,57,19,19,0.025
1364,e_demand,2030,57,20,20,0.025
1365,e_demand,2030,57,21,21,0.025
1366,e_demand,2030,57,22,22,0.025
1367,e_demand,2030,57,23,23,0.025
1368,e_demand,2030,57,24,24,0.025
1369,e_demand,2030,58,1,1,0.025259087201416664
1370,e_demand,2030,58,2,2,0.025259087201416664
1371,e_demand,2030,58,3,3,0.025259087201416664
1372,e_demand,2030,58,4,4,0.025259087201416664
1373,e_demand,2030,58,5,5,0.025259087201416664
1374,e_demand,2030,58,6,6,0.025259087201416664
1375,e_demand,2030,58,7,7,0.025259087201416664
1376,e_demand,2030,58,8,8,0.025259087201416664
1377,e_demand,2030,58,9,9,0.025259087201416664
1378,e_demand,2030,58,10,10,0.025259087201416664
1379,e_demand,2030,58,11,11,0.025259087201416664
1380,e_demand,2030,58,12,12,0.025259087201416664
1381,e_demand,2030,58,13,13,0.025259087201416664
1382,e_demand,2030,58,14,14,0.025259087201416664
1383,e_demand,2030,58,15,15,0.025259087201416664
1384,e_demand,2030,58,16,16,0.025259087201416664
1385,e_demand,2030,58,17,17,0.025259087201416664
1386,e_demand,2030,58,18,18,0.03536272208198333
1387,e_demand,2030,58,19,19,0.03536272208198333
1388,e_demand,2030,58,20,20,0.03536272208198333
1389,e_demand,2030,58,21,21,0.03536272208198333
1390,e_demand,2030,58,22,22,0.03536272208198333
1391,e_demand,2030,58,23,23,0.03536272208198333
1392,e_demand,2030,58,24,24,0.03536272208198333
1393,e_demand,2030,59,1,1,0.025
1394,e_demand,2030,59,2,2,0.025
1395,e_demand,2030,59,3,3,0.025
1396,e_demand,2030,59,4,4,0.025
1397,e_demand,2030,59,5,5,0.025
1398,e_demand,2030,59,6,6,0.025
1399,e_demand,2030,59,7,7,0.025
1400,e_demand,2030,59,8,8,0.025
1401,e_demand,2030,59,9,9,0.025
1402,e_demand,2030,59,10,10,0.025
1403,e_demand,2030,59,11,11,0.025
1404,e_demand,2030,59,12,12,0.025
1405,e_demand,2030,59,13,13,0.025
1406,e_demand,2030,59,14,14,0.025
1407,e_demand,2030,59,15,15,0.025
1408,e_demand,2030,59,16,16,0.025
1409,e_demand,2030,59,17,17,0.025
1410,e_demand,2030,59,18,18,0.025
1411,e_demand,2030,59,19,19,0.035
1412,e_demand,2030,59,20,20,0.035
1413,e_demand,2030,59,21,21,0.035
1414,e_demand,2030,59,22,22,0.035
1415,e_demand,2030,59,23,23,0.025
1416,e_demand,2030,59,24,24,0.035
1417,e_demand,2030,60,1,1,0.06111198895921362
1418,e_demand,2030,60,2,2,0.06111198895921362
1419,e_demand,2030,60,3,3,0.06111198895921362
1420,e_demand,2030,60,4,4,0.06111198895921362
1421,e_demand,2030,60,5,5,0.06111198895921362
1422,e_demand,2030,60,6,6,0.06111198895921362
1423,e_demand,2030,60,7,7,0.08555678454289907
1424,e_demand,2030,60,8,8,0.06111198895921362
1425,e_demand,2030,60,9,9,0.06111198895921362
1426,e_demand,2030,60,10,10,0.06111198895921362
1427,e_demand,2030,60,11,11,0.06111198895921362
1428,e_demand,2030,60,12,12,0.06111198895921362
1429,e_demand,2030,60,13,13,0.06111198895921362
1430,e_demand,2030,60,14,14,0.06111198895921362
1431,e_demand,2030,60,15,15,0.06111198895921362
1432,e_demand,2030,60,16,16,0.08555678454289907
1433,e_demand,2030,60,17,17,0.08555678454289907
1434,e_demand,2030,60,18,18,0.08555678454289907
1435,e_demand,2030,60,19,19,0.08555678454289907
1436,e_demand,2030,60,20,20,0.08555678454289907
1437,e_demand,2030,60,21,21,0.08555678454289907
1438,e_demand,2030,60,22,22,0.08555678454289907
1439,e_demand,2030,60,23,23,0.08555678454289907
1440,e_demand,2030,60,24,24,0.08555678454289907
1441,e_demand,2030,61,1,1,0.025
1442,e_demand,2030,61,2,2,0.025
1443,e_demand,2030,61,3,3,0.025
1444,e_demand,2030,61,4,4,0.025
1445,e_demand,2030,61,5,5,0.025
1446,e_demand,2030,61,6,6,0.025
1447,e_demand,2030,61,7,7,0.025
1448,e_demand,2030,61,8,8,0.025
1449,e_demand,2030,61,9,9,0.025
1450,e_demand,2030,61,10,10,0.025
1451,e_demand,2030,61,11,11,0.025
1452,e_demand,2030,61,12,12,0.025
1453,e_demand,2030,61,13,13,0.025
1454,e_demand,2030,61,14,14,0.025
1455,e_demand,2030,61,15,15,0.025
1456,e_demand,2030,61,16,16,0.025
1457,e_demand,2030,61,17,17,0.025
1458,e_demand,2030,61,18,18,0.025
1459,e_demand,2030,61,19,19,0.035
1460,e_demand,2030,61,20,20,0.035
1461,e_demand,2030,61,21,21,0.035
1462,e_demand,2030,61,22,22,0.035
1463,e_demand,2030,61,23,23,0.025
1464,e_demand,2030,61,24,24,0.025
1465,e_demand,2030,62,1,1,0.025
1466,e_demand,2030,62,2,2,0.025
1467,e_demand,2030,62,3,3,0.025
1468,e_demand,2030,62,4,4,0.025
1469,e_demand,2030,62,5,5,0.025
1470,e_demand,2030,62,6,6,0.025
1471,e_demand,2030,62,7,7,0.025
1472,e_demand,2030,62,8,8,0.025
1473,e_demand,2030,62,9,9,0.025
1474,e_demand,2030,62,10,10,0.025
1475,e_demand,2030,62,11,11,0.025
1476,e_demand,2030,62,12,12,0.025
1477,e_demand,2030,62,13,13,0.025
1478,e_demand,2030,62,14,14,0.025
1479,e_demand,2030,62,15,15,0.025
1480,e_demand,2030,62,16,16,0.025
1481,e_demand,2030,62,17,17,0.025
1482,e_demand,2030,62,18,18,0.025
1483,e_demand,2030,62,19,19,0.025
1484,e_demand,2030,62,20,20,0.025
1485,e_demand,2030,62,21,21,0.025
1486,e_demand,2030,62,22,22,0.025
1487,e_demand,2030,62,23,23,0.025
1488,e_demand,2030,62,24,24,0.025
1489,e_demand,2030,63,1,1,0.025
1490,e_demand,2030,63,2,2,0.025
1491,e_demand,2030,63,3,3,0.025
1492,e_demand,2030,63,4,4,0.025
1493,e_demand,2030,63,5,5,0.025
1494,e_demand,2030,63,6,6,0.025
1495,e_demand,2030,63,7,7,0.025
1496,e_demand,2030,63,8,8,0.025
1497,e_demand,2030,63,9,9,0.025
1498,e_demand,2030,63,10,10,0.025
1499,e_demand,2030,63,11,11,0.025
1500,e_demand,2030,63,12,12,0.025
1501,e_demand,2030,63,13,13,0.025
1502,e_demand,2030,63,14,14,0.025
1503,e_demand,2030,63,15,15,0.025
1504,e_demand,2030,63,16,16,0.025
1505,e_demand,2030,63,17,17,0.025
1506,e_demand,2030,63,18,18,0.025
1507,e_demand,2030,63,19,19,0.025
1508,e_demand,2030,63,20,20,0.025
1509,e_demand,2030,63,21,21,0.025
1510,e_demand,2030,63,22,22,0.025
1511,e_demand,2030,63,23,23,0.025
1512,e_demand,2030,63,24,24,0.025
1513,e_demand,2030,64,1,1,0.02631797995106959
1514,e_demand,2030,64,2,2,0.02631797995106959
1515,e_demand,2030,64,3,3,0.02631797995106959
1516,e_demand,2030,64,4,4,0.02631797995106959
1517,e_demand,2030,64,5,5,0.02631797995106959
1518,e_demand,2030,64,6,6,0.02631797995106959
1519,e_demand,2030,64,7,7,0.02631797995106959
1520,e_demand,2030,64,8,8,0.02631797995106959
1521,e_demand,2030,64,9,9,0.02631797995106959
1522,e_demand,2030,64,10,10,0.02631797995106959
1523,e_demand,2030,64,11,11,0.02631797995106959
1524,e_demand,2030,64,12,12,0.02631797995106959
1525,e_demand,2030,64,13,13,0.02631797995106959
1526,e_demand,2030,64,14,14,0.02631797995106959
1527,e_demand,2030,64,15,15,0.02631797995106959
1528,e_demand,2030,64,16,16,0.02631797995106959
1529,e_demand,2030,64,17,17,0.02631797995106959
1530,e_demand,2030,64,18,18,0.02631797995106959
1531,e_demand,2030,64,19,19,0.02631797995106959
1532,e_demand,2030,64,20,20,0.036845171931497424
1533,e_demand,2030,64,21,21,0.036845171931497424
1534,e_demand,2030,64,22,22,0.036845171931497424
1535,e_demand,2030,64,23,23,0.02631797995106959
1536,e_demand,2030,64,24,24,0.02631797995106959
1537,e_demand,2030,65,1,1,0.025809539382721354
1538,e_demand,2030,65,2,2,0.025809539382721354
1539,e_demand,2030,65,3,3,0.025809539382721354
1540,e_demand,2030,65,4,4,0.025809539382721354
1541,e_demand,2030,65,5,5,0.025809539382721354
1542,e_demand,2030,65,6,6,0.025809539382721354
1543,e_demand,2030,65,7,7,0.025809539382721354
1544,e_demand,2030,65,8,8,0.025809539382721354
1545,e_demand,2030,65,9,9,0.025809539382721354
1546,e_demand,2030,65,10,10,0.025809539382721354
1547,e_demand,2030,65,11,11,0.025809539382721354
1548,e_demand,2030,65,12,12,0.025809539382721354
1549,e_demand,2030,65,13,13,0.025809539382721354
1550,e_demand,2030,65,14,14,0.025809539382721354
1551,e_demand,2030,65,15,15,0.025809539382721354
1552,e_demand,2030,65,16,16,0.025809539382721354
1553,e_demand,2030,65,17,17,0.025809539382721354
1554,e_demand,2030,65,18,18,0.0361333551358099
1555,e_demand,2030,65,19,19,0.0361333551358099
1556,e_demand,2030,65,20,20,0.0361333551358099
1557,e_demand,2030,65,21,21,0.0361333551358099
1558,e_demand,2030,65,22,22,0.025809539382721354
1559,e_demand,2030,65,23,23,0.025809539382721354
1560,e_demand,2030,65,24,24,0.025809539382721354
1561,e_demand,2030,66,1,1,0.025
1562,e_demand,2030,66,2,2,0.025
1563,e_demand,2030,66,3,3,0.025
1564,e_demand,2030,66,4,4,0.025
1565,e_demand,2030,66,5,5,0.025
1566,e_demand,2030,66,6,6,0.025
1567,e_demand,2030,66,7,7,0.025
1568,e_demand,2030,66,8,8,0.025
1569,e_demand,2030,66,9,9,0.025
1570,e_demand,2030,66,10,10,0.025
1571,e_demand,2030,66,11,11,0.025
1572,e_demand,2030,66,12,12,0.025
1573,e_demand,2030,66,13,13,0.025
1574,e_demand,2030,66,14,14,0.025
1575,e_demand,2030,66,15,15,0.025
1576,e_demand,2030,66,16,16,0.025
1577,e_demand,2030,66,17,17,0.025
1578,e_demand,2030,66,18,18,0.035
1579,e_demand,2030,66,19,19,0.035
1580,e_demand,2030,66,20,20,0.035
1581,e_demand,2030,66,21,21,0.035
1582,e_demand,2030,66,22,22,0.035
1583,e_demand,2030,66,23,23,0.025
1584,e_demand,2030,66,24,24,0.025
1585,e_demand,2030,67,1,1,0.025
1586,e_demand,2030,67,2,2,0.025
1587,e_demand,2030,67,3,3,0.025
1588,e_demand,2030,67,4,4,0.025
1589,e_demand,2030,67,5,5,0.025
1590,e_demand,2030,67,6,6,0.025
1591,e_demand,2030,67,7,7,0.025
1592,e_demand,2030,67,8,8,0.025
1593,e_demand,2030,67,9,9,0.025
1594,e_demand,2030,67,10,10,0.025
1595,e_demand,2030,67,11,11,0.025
1596,e_demand,2030,67,12,12,0.025
1597,e_demand,2030,67,13,13,0.025
1598,e_demand,2030,67,14,14,0.025
1599,e_demand,2030,67,15,15,0.025
1600,e_demand,2030,67,16,16,0.025
1601,e_demand,2030,67,17,17,0.025
1602,e_demand,2030,67,18,18,0.025
1603,e_demand,2030,67,19,19,0.025
1604,e_demand,2030,67,20,20,0.025
1605,e_demand,2030,67,21,21,0.025
1606,e_demand,2030,67,22,22,0.025
1607,e_demand,2030,67,23,23,0.025
1608,e_demand,2030,67,24,24,0.025
1609,e_demand,2030,68,1,1,0.025
1610,e_demand,2030,68,2,2,0.025
1611,e_demand,2030,68,3,3,0.025
1612,e_demand,2030,68,4,4,0.025
1613,e_demand,2030,68,5,5,0.025
1614,e_demand,2030,68,6,6,0.025
1615,e_demand,2030,68,7,7,0.025
1616,e_demand,2030,68,8,8,0.025
1617,e_demand,2030,68,9,9,0.025
1618,e_demand,2030,68,10,10,0.025
1619,e_demand,2030,68,11,11,0.025
1620,e_demand,2030,68,12,12,0.025
1621,e_demand,2030,68,13,13,0.025
1622,e_demand,2030,68,14,14,0.025
1623,e_demand,2030,68,15,15,0.025
1624,e_demand,2030,68,16,16,0.025
1625,e_demand,2030,68,17,17,0.025
1626,e_demand,2030,68,18,18,0.025
1627,e_demand,2030,68,19,19,0.025
1628,e_demand,2030,68,20,20,0.035
1629,e_demand,2030,68,21,21,0.035
1630,e_demand,2030,68,22,22,0.035
1631,e_demand,2030,68,23,23,0.025
1632,e_demand,2030,68,24,24,0.025
1633,e_demand,2030,69,1,1,0.025
1634,e_demand,2030,69,2,2,0.025
1635,e_demand,2030,69,3,3,0.025
1636,e_demand,2030,69,4,4,0.025
1637,e_demand,2030,69,5,5,0.025
1638,e_demand,2030,69,6,6,0.025
1639,e_demand,2030,69,7,7,0.025
1640,e_demand,2030,69,8,8,0.025
1641,e_demand,2030,69,9,9,0.025
1642,e_demand,2030,69,10,10,0.025
1643,e_demand,2030,69,11,11,0.025
1644,e_demand,2030,69,12,12,0.025
1645,e_demand,2030,69,13,13,0.025
1646,e_demand,2030,69,14,14,0.025
1647,e_demand,2030,69,15,15,0.025
1648,e_demand,2030,69,16,16,0.025
1649,e_demand,2030,69,17,17,0.025
1650,e_demand,2030,69,18,18,0.025
1651,e_demand,2030,69,19,19,0.025
1652,e_demand,2030,69,20,20,0.035
1653,e_demand,2030,69,21,21,0.035
1654,e_demand,2030,69,22,22,0.025
1655,e_demand,2030,69,23,23,0.025
1656,e_demand,2030,69,24,24,0.025
1657,e_demand,2030,70,1,1,0.025
1658,e_demand,2030,70,2,2,0.025
1659,e_demand,2030,70,3,3,0.025
1660,e_demand,2030,70,4,4,0.025
1661,e_demand,2030,70,5,5,0.025
1662,e_demand,2030,70,6,6,0.025
1663,e_demand,2030,70,7,7,0.025
1664,e_demand,2030,70,8,8,0.025
1665,e_demand,2030,70,9,9,0.025
1666,e_demand,2030,70,10,10,0.025
1667,e_demand,2030,70,11,11,0.025
1668,e_demand,2030,70,12,12,0.025
1669,e_demand,2030,70,13,13,0.025
1670,e_demand,2030,70,14,14,0.025
1671,e_demand,2030,70,15,15,0.025
1672,e_demand,2030,70,16,16,0.025
1673,e_demand,2030,70,17,17,0.025
1674,e_demand,2030,70,18,18,0.025
1675,e_demand,2030,70,19,19,0.025
1676,e_demand,2030,70,20,20,0.025
1677,e_demand,2030,70,21,21,0.025
1678,e_demand,2030,70,22,22,0.025
1679,e_demand,2030,70,23,23,0.025
1680,e_demand,2030,70,24,24,0.025
1681,e_demand,2030,71,1,1,0.0450823251897741
1682,e_demand,2030,71,2,2,0.0450823251897741
1683,e_demand,2030,71,3,3,0.0450823251897741
1684,e_demand,2030,71,4,4,0.0450823251897741
1685,e_demand,2030,71,5,5,0.0450823251897741
1686,e_demand,2030,71,6,6,0.0450823251897741
1687,e_demand,2030,71,7,7,0.0450823251897741
1688,e_demand,2030,71,8,8,0.0450823251897741
1689,e_demand,2030,71,9,9,0.0450823251897741
1690,e_demand,2030,71,10,10,0.0450823251897741
1691,e_demand,2030,71,11,11,0.0450823251897741
1692,e_demand,2030,71,12,12,0.0450823251897741
1693,e_demand,2030,71,13,13,0.0450823251897741
1694,e_demand,2030,71,14,14,0.0450823251897741
1695,e_demand,2030,71,15,15,0.0450823251897741
1696,e_demand,2030,71,16,16,0.0450823251897741
1697,e_demand,2030,71,17,17,0.0450823251897741
1698,e_demand,2030,71,18,18,0.0450823251897741
1699,e_demand,2030,71,19,19,0.06311525526568375
1700,e_demand,2030,71,20,20,0.06311525526568375
1701,e_demand,2030,71,21,21,0.06311525526568375
1702,e_demand,2030,71,22,22,0.0450823251897741
1703,e_demand,2030,71,23,23,0.0450823251897741
1704,e_demand,2030,71,24,24,0.0450823251897741
1705,e_demand,2030,72,1,1,0.35556212678603877
1706,e_demand,2030,72,2,2,0.35556212678603877
1707,e_demand,2030,72,3,3,0.35556212678603877
1708,e_demand,2030,72,4,4,0.35556212678603877
1709,e_demand,2030,72,5,5,0.35556212678603877
1710,e_demand,2030,72,6,6,0.35556212678603877
1711,e_demand,2030,72,7,7,0.35556212678603877
1712,e_demand,2030,72,8,8,0.35556212678603877
1713,e_demand,2030,72,9,9,0.35556212678603877
1714,e_demand,2030,72,10,10,0.35556212678603877
1715,e_demand,2030,72,11,11,0.35556212678603877
1716,e_demand,2030,72,12,12,0.35556212678603877
1717,e_demand,2030,72,13,13,0.35556212678603877
1718,e_demand,2030,72,14,14,0.35556212678603877
1719,e_demand,2030,72,15,15,0.35556212678603877
1720,e_demand,2030,72,16,16,0.35556212678603877
1721,e_demand,2030,72,17,17,0.35556212678603877
1722,e_demand,2030,72,18,18,0.35556212678603877
1723,e_demand,2030,72,19,19,0.35556212678603877
1724,e_demand,2030,72,20,20,0.35556212678603877
1725,e_demand,2030,72,21,21,0.35556212678603877
1726,e_demand,2030,72,22,22,0.35556212678603877
1727,e_demand,2030,72,23,23,0.35556212678603877
1728,e_demand,2030,72,24,24,0.35556212678603877
1729,e_demand,2030,73,1,1,0.025
1730,e_demand,2030,73,2,2,0.025
1731,e_demand,2030,73,3,3,0.025
1732,e_demand,2030,73,4,4,0.025
1733,e_demand,2030,73,5,5,0.025
1734,e_demand,2030,73,6,6,0.025
1735,e_demand,2030,73,7,7,0.025
1736,e_demand,2030,73,8,8,0.025
1737,e_demand,2030,73,9,9,0.025
1738,e_demand,2030,73,10,10,0.025
1739,e_demand,2030,73,11,11,0.025
1740,e_demand,2030,73,12,12,0.025
1741,e_demand,2030,73,13,13,0.025
1742,e_demand,2030,73,14,14,0.025
1743,e_demand,2030,73,15,15,0.025
1744,e_demand,2030,73,16,16,0.025
1745,e_demand,2030,73,17,17,0.025
1746,e_demand,2030,73,18,18,0.025
1747,e_demand,2030,73,19,19,0.025
1748,e_demand,2030,73,20,20,0.025
1749,e_demand,2030,73,21,21,0.025
1750,e_demand,2030,73,22,22,0.025
1751,e_demand,2030,73,23,23,0.025
1752,e_demand,2030,73,24,24,0.025
1753,e_demand,2030,74,1,1,0.02571022620834565
1754,e_demand,2030,74,2,2,0.02571022620834565
1755,e_demand,2030,74,3,3,0.02571022620834565
1756,e_demand,2030,74,4,4,0.02571022620834565
1757,e_demand,2030,74,5,5,0.02571022620834565
1758,e_demand,2030,74,6,6,0.02571022620834565
1759,e_demand,2030,74,7,7,0.02571022620834565
1760,e_demand,2030,74,8,8,0.02571022620834565
1761,e_demand,2030,74,9,9,0.02571022620834565
1762,e_demand,2030,74,10,10,0.02571022620834565
1763,e_demand,2030,74,11,11,0.02571022620834565
1764,e_demand,2030,74,12,12,0.02571022620834565
1765,e_demand,2030,74,13,13,0.02571022620834565
1766,e_demand,2030,74,14,14,0.02571022620834565
1767,e_demand,2030,74,15,15,0.02571022620834565
1768,e_demand,2030,74,16,16,0.02571022620834565
1769,e_demand,2030,74,17,17,0.02571022620834565
1770,e_demand,2030,74,18,18,0.02571022620834565
1771,e_demand,2030,74,19,19,0.02571022620834565
1772,e_demand,2030,74,20,20,0.02571022620834565
1773,e_demand,2030,74,21,21,0.02571022620834565
1774,e_demand,2030,74,22,22,0.02571022620834565
1775,e_demand,2030,74,23,23,0.02571022620834565
1776,e_demand,2030,74,24,24,0.02571022620834565
1777,e_demand,2030,75,1,1,0.025
1778,e_demand,2030,75,2,2,0.025
1779,e_demand,2030,75,3,3,0.025
1780,e_demand,2030,75,4,4,0.025
1781,e_demand,2030,75,5,5,0.025
1782,e_demand,2030,75,6,6,0.025
1783,e_demand,2030,75,7,7,0.025
1784,e_demand,2030,75,8,8,0.025
1785,e_demand,2030,75,9,9,0.025
1786,e_demand,2030,75,10,10,0.025
1787,e_demand,2030,75,11,11,0.025
1788,e_demand,2030,75,12,12,0.025
1789,e_demand,2030,75,13,13,0.025
1790,e_demand,2030,75,14,14,0.025
1791,e_demand,2030,75,15,15,0.025
1792,e_demand,2030,75,16,16,0.025
1793,e_demand,2030,75,17,17,0.025
1794,e_demand,2030,75,18,18,0.025
1795,e_demand,2030,75,19,19,0.025
1796,e_demand,2030,75,20,20,0.025
1797,e_demand,2030,75,21,21,0.025
1798,e_demand,2030,75,22,22,0.025
1799,e_demand,2030,75,23,23,0.025
1800,e_demand,2030,75,24,24,0.025
1801,e_demand,2030,76,1,1,0.048859091632385
1802,e_demand,2030,76,2,2,0.048859091632385
1803,e_demand,2030,76,3,3,0.048859091632385
1804,e_demand,2030,76,4,4,0.048859091632385
1805,e_demand,2030,76,5,5,0.048859091632385
1806,e_demand,2030,76,6,6,0.048859091632385
1807,e_demand,2030,76,7,7,0.048859091632385
1808,e_demand,2030,76,8,8,0.048859091632385
1809,e_demand,2030,76,9,9,0.048859091632385
1810,e_demand,2030,76,10,10,0.048859091632385
1811,e_demand,2030,76,11,11,0.048859091632385
1812,e_demand,2030,76,12,12,0.048859091632385
1813,e_demand,2030,76,13,13,0.048859091632385
1814,e_demand,2030,76,14,14,0.048859091632385
1815,e_demand,2030,76,15,15,0.048859091632385
1816,e_demand,2030,76,16,16,0.048859091632385
1817,e_demand,2030,76,17,17,0.048859091632385
1818,e_demand,2030,76,18,18,0.048859091632385
1819,e_demand,2030,76,19,19,0.048859091632385
1820,e_demand,2030,76,20,20,0.048859091632385
1821,e_demand,2030,76,21,21,0.048859091632385
1822,e_demand,2030,76,22,22,0.048859091632385
1823,e_demand,2030,76,23,23,0.048859091632385
1824,e_demand,2030,76,24,24,0.048859091632385
1825,e_demand,2030,77,1,1,0.026922461365911733
1826,e_demand,2030,77,2,2,0.026922461365911733
1827,e_demand,2030,77,3,3,0.026922461365911733
1828,e_demand,2030,77,4,4,0.026922461365911733
1829,e_demand,2030,77,5,5,0.026922461365911733
1830,e_demand,2030,77,6,6,0.026922461365911733
1831,e_demand,2030,77,7,7,0.026922461365911733
1832,e_demand,2030,77,8,8,0.026922461365911733
1833,e_demand,2030,77,9,9,0.026922461365911733
1834,e_demand,2030,77,10,10,0.026922461365911733
1835,e_demand,2030,77,11,11,0.026922461365911733
1836,e_demand,2030,77,12,12,0.026922461365911733
1837,e_demand,2030,77,13,13,0.026922461365911733
1838,e_demand,2030,77,14,14,0.026922461365911733
1839,e_demand,2030,77,15,15,0.026922461365911733
1840,e_demand,2030,77,16,16,0.026922461365911733
1841,e_demand,2030,77,17,17,0.026922461365911733
1842,e_demand,2030,77,18,18,0.026922461365911733
1843,e_demand,2030,77,19,19,0.026922461365911733
1844,e_demand,2030,77,20,20,0.026922461365911733
1845,e_demand,2030,77,21,21,0.026922461365911733
1846,e_demand,2030,77,22,22,0.026922461365911733
1847,e_demand,2030,77,23,23,0.026922461365911733
1848,e_demand,2030,77,24,24,0.026922461365911733
1849,e_demand,2030,78,1,1,0.025
1850,e_demand,2030,78,2,2,0.025
1851,e_demand,2030,78,3,3,0.025
1852,e_demand,2030,78,4,4,0.025
1853,e_demand,2030,78,5,5,0.025
1854,e_demand,2030,78,6,6,0.025
1855,e_demand,2030,78,7,7,0.025
1856,e_demand,2030,78,8,8,0.025
1857,e_demand,2030,78,9,9,0.025
1858,e_demand,2030,78,10,10,0.025
1859,e_demand,2030,78,11,11,0.025
1860,e_demand,2030,78,12,12,0.025
1861,e_demand,2030,78,13,13,0.025
1862,e_demand,2030,78,14,14,0.025
1863,e_demand,2030,78,15,15,0.025
1864,e_demand,2030,78,16,16,0.025
1865,e_demand,2030,78,17,17,0.025
1866,e_demand,2030,78,18,18,0.025
1867,e_demand,2030,78,19,19,0.025
1868,e_demand,2030,78,20,20,0.025
1869,e_demand,2030,78,21,21,0.025
1870,e_demand,2030,78,22,22,0.025
1871,e_demand,2030,78,23,23,0.025
1872,e_demand,2030,78,24,24,0.025
1873,e_demand,2030,79,1,1,0.025
1874,e_demand,2030,79,2,2,0.025
1875,e_demand,2030,79,3,3,0.025
1876,e_demand,2030,79,4,4,0.025
1877,e_demand,2030,79,5,5,0.025
1878,e_demand,2030,79,6,6,0.025
1879,e_demand,2030,79,7,7,0.025
1880,e_demand,2030,79,8,8,0.025
1881,e_demand,2030,79,9,9,0.025
1882,e_demand,2030,79,10,10,0.025
1883,e_demand,2030,79,11,11,0.025
1884,e_demand,2030,79,12,12,0.025
1885,e_demand,2030,79,13,13,0.025
1886,e_demand,2030,79,14,14,0.025
1887,e_demand,2030,79,15,15,0.025
1888,e_demand,2030,79,16,16,0.025
1889,e_demand,2030,79,17,17,0.025
1890,e_demand,2030,79,18,18,0.025
1891,e_demand,2030,79,19,19,0.025
1892,e_demand,2030,79,20,20,0.025
1893,e_demand,2030,79,21,21,0.025
1894,e_demand,2030,79,22,22,0.025
1895,e_demand,2030,79,23,23,0.025
1896,e_demand,2030,79,24,24,0.025
1897,e_demand,2030,80,1,1,0.04515194700792864
1898,e_demand,2030,80,2,2,0.04515194700792864
1899,e_demand,2030,80,3,3,0.04515194700792864
1900,e_demand,2030,80,4,4,0.04515194700792864
1901,e_demand,2030,80,5,5,0.04515194700792864
1902,e_demand,2030,80,6,6,0.04515194700792864
1903,e_demand,2030,80,7,7,0.04515194700792864
1904,e_demand,2030,80,8,8,0.04515194700792864
1905,e_demand,2030,80,9,9,0.04515194700792864
1906,e_demand,2030,80,10,10,0.04515194700792864
1907,e_demand,2030,80,11,11,0.04515194700792864
1908,e_demand,2030,80,12,12,0.04515194700792864
1909,e_demand,2030,80,13,13,0.04515194700792864
1910,e_demand,2030,80,14,14,0.04515194700792864
1911,e_demand,2030,80,15,15,0.04515194700792864
1912,e_demand,2030,80,16,16,0.04515194700792864
1913,e_demand,2030,80,17,17,0.04515194700792864
1914,e_demand,2030,80,18,18,0.04515194700792864
1915,e_demand,2030,80,19,19,0.04515194700792864
1916,e_demand,2030,80,20,20,0.04515194700792864
1917,e_demand,2030,80,21,21,0.04515194700792864
1918,e_demand,2030,80,22,22,0.04515194700792864
1919,e_demand,2030,80,23,23,0.04515194700792864
1920,e_demand,2030,80,24,24,0.04515194700792864
1921,e_demand,2030,81,1,1,0.025
1922,e_demand,2030,81,2,2,0.025
1923,e_demand,2030,81,3,3,0.025
1924,e_demand,2030,81,4,4,0.025
1925,e_demand,2030,81,5,5,0.025
1926,e_demand,2030,81,6,6,0.025
1927,e_demand,2030,81,7,7,0.025
1928,e_demand,2030,81,8,8,0.025
1929,e_demand,2030,81,9,9,0.025
1930,e_demand,2030,81,10,10,0.025
1931,e_demand,2030,81,11,11,0.025
1932,e_demand,2030,81,12,12,0.025
1933,e_demand,2030,81,13,13,0.025
1934,e_demand,2030,81,14,14,0.025
1935,e_demand,2030,81,15,15,0.025
1936,e_demand,2030,81,16,16,0.025
1937,e_demand,2030,81,17,17,0.025
1938,e_demand,2030,81,18,18,0.025
1939,e_demand,2030,81,19,19,0.025
1940,e_demand,2030,81,20,20,0.025
1941,e_demand,2030,81,21,21,0.025
1942,e_demand,2030,81,22,22,0.025
1943,e_demand,2030,81,23,23,0.025
1944,e_demand,2030,81,24,24,0.025
1945,e_demand,2030,82,1,1,0.025
1946,e_demand,2030,82,2,2,0.025
1947,e_demand,2030,82,3,3,0.025
1948,e_demand,2030,82,4,4,0.025
1949,e_demand,2030,82,5,5,0.025
1950,e_demand,2030,82,6,6,0.025
1951,e_demand,2030,82,7,7,0.025
1952,e_demand,2030,82,8,8,0.025
1953,e_demand,2030,82,9,9,0.025
1954,e_demand,2030,82,10,10,0.025
1955,e_demand,2030,82,11,11,0.025
1956,e_demand,2030,82,12,12,0.025
1957,e_demand,2030,82,13,13,0.025
1958,e_demand,2030,82,14,14,0.025
1959,e_demand,2030,82,15,15,0.025
1960,e_demand,2030,82,16,16,0.025
1961,e_demand,2030,82,17,17,0.025
1962,e_demand,2030,82,18,18,0.025
1963,e_demand,2030,82,19,19,0.025
1964,e_demand,2030,82,20,20,0.025
1965,e_demand,2030,82,21,21,0.025
1966,e_demand,2030,82,22,22,0.025
1967,e_demand,2030,82,23,23,0.025
1968,e_demand,2030,82,24,24,0.025
1969,e_demand,2030,83,1,1,0.05111106275529903
1970,e_demand,2030,83,2,2,0.05111106275529903
1971,e_demand,2030,83,3,3,0.05111106275529903
1972,e_demand,2030,83,4,4,0.05111106275529903
1973,e_demand,2030,83,5,5,0.05111106275529903
1974,e_demand,2030,83,6,6,0.05111106275529903
1975,e_demand,2030,83,7,7,0.05111106275529903
1976,e_demand,2030,83,8,8,0.05111106275529903
1977,e_demand,2030,83,9,9,0.05111106275529903
1978,e_demand,2030,83,10,10,0.05111106275529903
1979,e_demand,2030,83,11,11,0.05111106275529903
1980,e_demand,2030,83,12,12,0.05111106275529903
1981,e_demand,2030,83,13,13,0.05111106275529903
1982,e_demand,2030,83,14,14,0.05111106275529903
1983,e_demand,2030,83,15,15,0.05111106275529903
1984,e_demand,2030,83,16,16,0.05111106275529903
1985,e_demand,2030,83,17,17,0.05111106275529903
1986,e_demand,2030,83,18,18,0.07155548785741865
1987,e_demand,2030,83,19,19,0.07155548785741865
1988,e_demand,2030,83,20,20,0.07155548785741865
1989,e_demand,2030,83,21,21,0.07155548785741865
1990,e_demand,2030,83,22,22,0.07155548785741865
1991,e_demand,2030,83,23,23,0.05111106275529903
1992,e_demand,2030,83,24,24,0.05111106275529903
1993,e_demand,2030,84,1,1,0.025
1994,e_demand,2030,84,2,2,0.025
1995,e_demand,2030,84,3,3,0.025
1996,e_demand,2030,84,4,4,0.025
1997,e_demand,2030,84,5,5,0.025
1998,e_demand,2030,84,6,6,0.025
1999,e_demand,2030,84,7,7,0.025
2000,e_demand,2030,84,8,8,0.025
2001,e_demand,2030,84,9,9,0.025
2002,e_demand,2030,84,10,10,0.025
2003,e_demand,2030,84,11,11,0.025
2004,e_demand,2030,84,12,12,0.025
2005,e_demand,2030,84,13,13,0.025
2006,e_demand,2030,84,14,14,0.025
2007,e_demand,2030,84,15,15,0.025
2008,e_demand,2030,84,16,16,0.025
2009,e_demand,2030,84,17,17,0.025
2010,e_demand,2030,84,18,18,0.025
2011,e_demand,2030,84,19,19,0.025
2012,e_demand,2030,84,20,20,0.025
2013,e_demand,2030,84,21,21,0.025
2014,e_demand,2030,84,22,22,0.025
2015,e_demand,2030,84,23,23,0.025
2016,e_demand,2030,84,24,24,0.025
2017,e_demand,2030,85,1,1,0.025
2018,e_demand,2030,85,2,2,0.025
2019,e_demand,2030,85,3,3,0.025
2020,e_demand,2030,85,4,4,0.025
2021,e_demand,2030,85,5,5,0.025
2022,e_demand,2030,85,6,6,0.025
2023,e_demand,2030,85,7,7,0.025
2024,e_demand,2030,85,8,8,0.025
2025,e_demand,2030,85,9,9,0.025
2026,e_demand,2030,85,10,10,0.025
2027,e_demand,2030,85,11,11,0.025
2028,e_demand,2030,85,12,12,0.025
2029,e_demand,2030,85,13,13,0.025
2030,e_demand,2030,85,14,14,0.025
2031,e_demand,2030,85,15,15,0.025
2032,e_demand,2030,85,16,16,0.025
2033,e_demand,2030,85,17,17,0.025
2034,e_demand,2030,85,18,18,0.025
2035,e_demand,2030,85,19,19,0.025
2036,e_demand,2030,85,20,20,0.025
2037,e_demand,2030,85,21,21,0.035
2038,e_demand,2030,85,22,22,0.025
2039,e_demand,2030,85,23,23,0.025
2040,e_demand,2030,85,24,24,0.025
2041,e_demand,2030,86,1,1,0.025
2042,e_demand,2030,86,2,2,0.025
2043,e_demand,2030,86,3,3,0.025
2044,e_demand,2030,86,4,4,0.025
2045,e_demand,2030,86,5,5,0.025
2046,e_demand,2030,86,6,6,0.035
2047,e_demand,2030,86,7,7,0.035
2048,e_demand,2030,86,8,8,0.035
2049,e_demand,2030,86,9,9,0.025
2050,e_demand,2030,86,10,10,0.025
2051,e_demand,2030,86,11,11,0.025
2052,e_demand,2030,86,12,12,0.025
2053,e_demand,2030,86,13,13,0.025
2054,e_demand,2030,86,14,14,0.025
2055,e_demand,2030,86,15,15,0.025
2056,e_demand,2030,86,16,16,0.025
2057,e_demand,2030,86,17,17,0.025
2058,e_demand,2030,86,18,18,0.025
2059,e_demand,2030,86,19,19,0.025
2060,e_demand,2030,86,20,20,0.025
2061,e_demand,2030,86,21,21,0.025
2062,e_demand,2030,86,22,22,0.025
2063,e_demand,2030,86,23,23,0.025
2064,e_demand,2030,86,24,24,0.025
2065,e_demand,2030,87,1,1,0.025
2066,e_demand,2030,87,2,2,0.025
2067,e_demand,2030,87,3,3,0.025
2068,e_demand,2030,87,4,4,0.025
2069,e_demand,2030,87,5,5,0.025
2070,e_demand,2030,87,6,6,0.025
2071,e_demand,2030,87,7,7,0.025
2072,e_demand,2030,87,8,8,0.025
2073,e_demand,2030,87,9,9,0.025
2074,e_demand,2030,87,10,10,0.025
2075,e_demand,2030,87,11,11,0.025
2076,e_demand,2030,87,12,12,0.025
2077,e_demand,2030,87,13,13,0.025
2078,e_demand,2030,87,14,14,0.025
2079,e_demand,2030,87,15,15,0.025
2080,e_demand,2030,87,16,16,0.025
2081,e_demand,2030,87,17,17,0.025
2082,e_demand,2030,87,18,18,0.025
2083,e_demand,2030,87,19,19,0.035
2084,e_demand,2030,87,20,20,0.035
2085,e_demand,2030,87,21,21,0.035
2086,e_demand,2030,87,22,22,0.035
2087,e_demand,2030,87,23,23,0.025
2088,e_demand,2030,87,24,24,0.025
2089,e_demand,2030,88,1,1,0.025
2090,e_demand,2030,88,2,2,0.025
2091,e_demand,2030,88,3,3,0.025
2092,e_demand,2030,88,4,4,0.025
2093,e_demand,2030,88,5,5,0.025
2094,e_demand,2030,88,6,6,0.025
2095,e_demand,2030,88,7,7,0.025
2096,e_demand,2030,88,8,8,0.025
2097,e_demand,2030,88,9,9,0.025
2098,e_demand,2030,88,10,10,0.025
2099,e_demand,2030,88,11,11,0.025
2100,e_demand,2030,88,12,12,0.025
2101,e_demand,2030,88,13,13,0.025
2102,e_demand,2030,88,14,14,0.025
2103,e_demand,2030,88,15,15,0.025
2104,e_demand,2030,88,16,16,0.025
2105,e_demand,2030,88,17,17,0.025
2106,e_demand,2030,88,18,18,0.025
2107,e_demand,2030,88,19,19,0.025
2108,e_demand,2030,88,20,20,0.025
2109,e_demand,2030,88,21,21,0.025
2110,e_demand,2030,88,22,22,0.025
2111,e_demand,2030,88,23,23,0.025
2112,e_demand,2030,88,24,24,0.025
2113,e_demand,2030,89,1,1,0.025
2114,e_demand,2030,89,2,2,0.025
2115,e_demand,2030,89,3,3,0.025
2116,e_demand,2030,89,4,4,0.025
2117,e_demand,2030,89,5,5,0.025
2118,e_demand,2030,89,6,6,0.025
2119,e_demand,2030,89,7,7,0.025
2120,e_demand,2030,89,8,8,0.025
2121,e_demand,2030,89,9,9,0.025
2122,e_demand,2030,89,10,10,0.025
2123,e_demand,2030,89,11,11,0.025
2124,e_demand,2030,89,12,12,0.025
2125,e_demand,2030,89,13,13,0.025
2126,e_demand,2030,89,14,14,0.025
2127,e_demand,2030,89,15,15,0.025
2128,e_demand,2030,89,16,16,0.025
2129,e_demand,2030,89,17,17,0.025
2130,e_demand,2030,89,18,18,0.025
2131,e_demand,2030,89,19,19,0.025
2132,e_demand,2030,89,20,20,0.025
2133,e_demand,2030,89,21,21,0.025
2134,e_demand,2030,89,22,22,0.025
2135,e_demand,2030,89,23,23,0.025
2136,e_demand,2030,89,24,24,0.025
2137,e_demand,2030,90,1,1,0.025
2138,e_demand,2030,90,2,2,0.025
2139,e_demand,2030,90,3,3,0.025
2140,e_demand,2030,90,4,4,0.025
2141,e_demand,2030,90,5,5,0.025
2142,e_demand,2030,90,6,6,0.025
2143,e_demand,2030,90,7,7,0.025
2144,e_demand,2030,90,8,8,0.025
2145,e_demand,2030,90,9,9,0.025
2146,e_demand,2030,90,10,10,0.025
2147,e_demand,2030,90,11,11,0.025
2148,e_demand,2030,90,12,12,0.025
2149,e_demand,2030,90,13,13,0.025
2150,e_demand,2030,90,14,14,0.025
2151,e_demand,2030,90,15,15,0.025
2152,e_demand,2030,90,16,16,0.025
2153,e_demand,2030,90,17,17,0.025
2154,e_demand,2030,90,18,18,0.025
2155,e_demand,2030,90,19,19,0.025
2156,e_demand,2030,90,20,20,0.025
2157,e_demand,2030,90,21,21,0.025
2158,e_demand,2030,90,22,22,0.025
2159,e_demand,2030,90,23,23,0.025
2160,e_demand,2030,90,24,24,0.025
2161,e_demand,2030,91,1,1,0.025
2162,e_demand,2030,91,2,2,0.025
2163,e_demand,2030,91,3,3,0.025
2164,e_demand,2030,91,4,4,0.025
2165,e_demand,2030,91,5,5,0.025
2166,e_demand,2030,91,6,6,0.025
2167,e_demand,2030,91,7,7,0.025
2168,e_demand,2030,91,8,8,0.025
2169,e_demand,2030,91,9,9,0.025
2170,e_demand,2030,91,10,10,0.025
2171,e_demand,2030,91,11,11,0.025
2172,e_demand,2030,91,12,12,0.025
2173,e_demand,2030,91,13,13,0.025
2174,e_demand,2030,91,14,14,0.025
2175,e_demand,2030,91,15,15,0.025
2176,e_demand,2030,91,16,16,0.025
2177,e_demand,2030,91,17,17,0.025
2178,e_demand,2030,91,18,18,0.025
2179,e_demand,2030,91,19,19,0.025
2180,e_demand,2030,91,20,20,0.025
2181,e_demand,2030,91,21,21,0.025
2182,e_demand,2030,91,22,22,0.025
2183,e_demand,2030,91,23,23,0.025
2184,e_demand,2030,91,24,24,0.025
2185,e_demand,2030,92,1,1,0.0721760497829138
2186,e_demand,2030,92,2,2,0.0721760497829138
2187,e_demand,2030,92,3,3,0.0721760497829138
2188,e_demand,2030,92,4,4,0.0721760497829138
2189,e_demand,2030,92,5,5,0.0721760497829138
2190,e_demand,2030,92,6,6,0.0721760497829138
2191,e_demand,2030,92,7,7,0.0721760497829138
2192,e_demand,2030,92,8,8,0.0721760497829138
2193,e_demand,2030,92,9,9,0.0721760497829138
2194,e_demand,2030,92,10,10,0.0721760497829138
2195,e_demand,2030,92,11,11,0.0721760497829138
2196,e_demand,2030,92,12,12,0.0721760497829138
2197,e_demand,2030,92,13,13,0.0721760497829138
2198,e_demand,2030,92,14,14,0.0721760497829138
2199,e_demand,2030,92,15,15,0.0721760497829138
2200,e_demand,2030,92,16,16,0.0721760497829138
2201,e_demand,2030,92,17,17,0.0721760497829138
2202,e_demand,2030,92,18,18,0.0721760497829138
2203,e_demand,2030,92,19,19,0.0721760497829138
2204,e_demand,2030,92,20,20,0.0721760497829138
2205,e_demand,2030,92,21,21,0.0721760497829138
2206,e_demand,2030,92,22,22,0.0721760497829138
2207,e_demand,2030,92,23,23,0.0721760497829138
2208,e_demand,2030,92,24,24,0.0721760497829138
2209,e_demand,2030,93,1,1,0.025
2210,e_demand,2030,93,2,2,0.025
2211,e_demand,2030,93,3,3,0.025
2212,e_demand,2030,93,4,4,0.025
2213,e_demand,2030,93,5,5,0.025
2214,e_demand,2030,93,6,6,0.025
2215,e_demand,2030,93,7,7,0.025
2216,e_demand,2030,93,8,8,0.025
2217,e_demand,2030,93,9,9,0.025
2218,e_demand,2030,93,10,10,0.025
2219,e_demand,2030,93,11,11,0.025
2220,e_demand,2030,93,12,12,0.025
2221,e_demand,2030,93,13,13,0.025
2222,e_demand,2030,93,14,14,0.025
2223,e_demand,2030,93,15,15,0.025
2224,e_demand,2030,93,16,16,0.025
2225,e_demand,2030,93,17,17,0.025
2226,e_demand,2030,93,18,18,0.025
2227,e_demand,2030,93,19,19,0.025
2228,e_demand,2030,93,20,20,0.025
2229,e_demand,2030,93,21,21,0.025
2230,e_demand,2030,93,22,22,0.025
2231,e_demand,2030,93,23,23,0.025
2232,e_demand,2030,93,24,24,0.025
2233,e_demand,2030,94,1,1,0.025
2234,e_demand,2030,94,2,2,0.025
2235,e_demand,2030,94,3,3,0.025
2236,e_demand,2030,94,4,4,0.025
2237,e_demand,2030,94,5,5,0.025
2238,e_demand,2030,94,6,6,0.025
2239,e_demand,2030,94,7,7,0.025
2240,e_demand,2030,94,8,8,0.025
2241,e_demand,2030,94,9,9,0.025
2242,e_demand,2030,94,10,10,0.025
2243,e_demand,2030,94,11,11,0.025
2244,e_demand,2030,94,12,12,0.025
2245,e_demand,2030,94,13,13,0.025
2246,e_demand,2030,94,14,14,0.025
2247,e_demand,2030,94,15,15,0.025
2248,e_demand,2030,94,16,16,0.025
2249,e_demand,2030,94,17,17,0.025
2250,e_demand,2030,94,18,18,0.025
2251,e_demand,2030,94,19,19,0.025
2252,e_demand,2030,94,20,20,0.025
2253,e_demand,2030,94,21,21,0.025
2254,e_demand,2030,94,22,22,0.025
2255,e_demand,2030,94,23,23,0.025
2256,e_demand,2030,94,24,24,0.025
2257,e_demand,2030,95,1,1,0.025
2258,e_demand,2030,95,2,2,0.025
2259,e_demand,2030,95,3,3,0.025
2260,e_demand,2030,95,4,4,0.025
2261,e_demand,2030,95,5,5,0.025
2262,e_demand,2030,95,6,6,0.025
2263,e_demand,2030,95,7,7,0.025
2264,e_demand,2030,95,8,8,0.025
2265,e_demand,2030,95,9,9,0.025
2266,e_demand,2030,95,10,10,0.025
2267,e_demand,2030,95,11,11,0.025
2268,e_demand,2030,95,12,12,0.025
2269,e_demand,2030,95,13,13,0.025
2270,e_demand,2030,95,14,14,0.025
2271,e_demand,2030,95,15,15,0.025
2272,e_demand,2030,95,16,16,0.025
2273,e_demand,2030,95,17,17,0.025
2274,e_demand,2030,95,18,18,0.025
2275,e_demand,2030,95,19,19,0.025
2276,e_demand,2030,95,20,20,0.025
2277,e_demand,2030,95,21,21,0.025
2278,e_demand,2030,95,22,22,0.025
2279,e_demand,2030,95,23,23,0.025
2280,e_demand,2030,95,24,24,0.025
2281,e_demand,2030,96,1,1,0.025
2282,e_demand,2030,96,2,2,0.025
2283,e_demand,2030,96,3,3,0.025
2284,e_demand,2030,96,4,4,0.025
2285,e_demand,2030,96,5,5,0.025
2286,e_demand,2030,96,6,6,0.025
2287,e_demand,2030,96,7,7,0.025
2288,e_demand,2030,96,8,8,0.025
2289,e_demand,2030,96,9,9,0.025
2290,e_demand,2030,96,10,10,0.025
2291,e_demand,2030,96,11,11,0.025
2292,e_demand,2030,96,12,12,0.025
2293,e_demand,2030,96,13,13,0.025
2294,e_demand,2030,96,14,14,0.025
2295,e_demand,2030,96,15,15,0.025
2296,e_demand,2030,96,16,16,0.025
2297,e_demand,2030,96,17,17,0.025
2298,e_demand,2030,96,18,18,0.025
2299,e_demand,2030,96,19,19,0.025
2300,e_demand,2030,96,20,20,0.025
2301,e_demand,2030,96,21,21,0.025
2302,e_demand,2030,96,22,22,0.025
2303,e_demand,2030,96,23,23,0.025
2304,e_demand,2030,96,24,24,0.025
2305,e_demand,2030,97,1,1,0.049995082794198016
2306,e_demand,2030,97,2,2,0.049995082794198016
2307,e_demand,2030,97,3,3,0.049995082794198016
2308,e_demand,2030,97,4,4,0.049995082794198016
2309,e_demand,2030,97,5,5,0.049995082794198016
2310,e_demand,2030,97,6,6,0.049995082794198016
2311,e_demand,2030,97,7,7,0.049995082794198016
2312,e_demand,2030,97,8,8,0.049995082794198016
2313,e_demand,2030,97,9,9,0.049995082794198016
2314,e_demand,2030,97,10,10,0.049995082794198016
2315,e_demand,2030,97,11,11,0.049995082794198016
2316,e_demand,2030,97,12,12,0.049995082794198016
2317,e_demand,2030,97,13,13,0.049995082794198016
2318,e_demand,2030,97,14,14,0.049995082794198016
2319,e_demand,2030,97,15,15,0.049995082794198016
2320,e_demand,2030,97,16,16,0.049995082794198016
2321,e_demand,2030,97,17,17,0.049995082794198016
2322,e_demand,2030,97,18,18,0.049995082794198016
2323,e_demand,2030,97,19,19,0.049995082794198016
2324,e_demand,2030,97,20,20,0.049995082794198016
2325,e_demand,2030,97,21,21,0.049995082794198016
2326,e_demand,2030,97,22,22,0.049995082794198016
2327,e_demand,2030,97,23,23,0.049995082794198016
2328,e_demand,2030,97,24,24,0.049995082794198016
2329,e_demand,2030,98,1,1,0.025
2330,e_demand,2030,98,2,2,0.025
2331,e_demand,2030,98,3,3,0.025
2332,e_demand,2030,98,4,4,0.025
2333,e_demand,2030,98,5,5,0.025
2334,e_demand,2030,98,6,6,0.025
2335,e_demand,2030,98,7,7,0.025
2336,e_demand,2030,98,8,8,0.025
2337,e_demand,2030,98,9,9,0.025
2338,e_demand,2030,98,10,10,0.025
2339,e_demand,2030,98,11,11,0.025
2340,e_demand,2030,98,12,12,0.025
2341,e_demand,2030,98,13,13,0.025
2342,e_demand,2030,98,14,14,0.025
2343,e_demand,2030,98,15,15,0.025
2344,e_demand,2030,98,16,16,0.025
2345,e_demand,2030,98,17,17,0.025
2346,e_demand,2030,98,18,18,0.025
2347,e_demand,2030,98,19,19,0.035
2348,e_demand,2030,98,20,20,0.035
2349,e_demand,2030,98,21,21,0.035
2350,e_demand,2030,98,22,22,0.025
2351,e_demand,2030,98,23,23,0.025
2352,e_demand,2030,98,24,24,0.025
2353,e_demand,2030,99,1,1,0.02754308862345946
2354,e_demand,2030,99,2,2,0.02754308862345946
2355,e_demand,2030,99,3,3,0.02754308862345946
2356,e_demand,2030,99,4,4,0.02754308862345946
2357,e_demand,2030,99,5,5,0.02754308862345946
2358,e_demand,2030,99,6,6,0.02754308862345946
2359,e_demand,2030,99,7,7,0.02754308862345946
2360,e_demand,2030,99,8,8,0.02754308862345946
2361,e_demand,2030,99,9,9,0.02754308862345946
2362,e_demand,2030,99,10,10,0.02754308862345946
2363,e_demand,2030,99,11,11,0.02754308862345946
2364,e_demand,2030,99,12,12,0.02754308862345946
2365,e_demand,2030,99,13,13,0.02754308862345946
2366,e_demand,2030,99,14,14,0.02754308862345946
2367,e_demand,2030,99,15,15,0.02754308862345946
2368,e_demand,2030,99,16,16,0.02754308862345946
2369,e_demand,2030,99,17,17,0.02754308862345946
2370,e_demand,2030,99,18,18,0.02754308862345946
2371,e_demand,2030,99,19,19,0.02754308862345946
2372,e_demand,2030,99,20,20,0.02754308862345946
2373,e_demand,2030,99,21,21,0.02754308862345946
2374,e_demand,2030,99,22,22,0.02754308862345946
2375,e_demand,2030,99,23,23,0.02754308862345946
2376,e_demand,2030,99,24,24,0.02754308862345946
2377,e_demand,2030,100,1,1,0.04517701028694593
2378,e_demand,2030,100,2,2,0.04517701028694593
2379,e_demand,2030,100,3,3,0.04517701028694593
2380,e_demand,2030,100,4,4,0.04517701028694593
2381,e_demand,2030,100,5,5,0.04517701028694593
2382,e_demand,2030,100,6,6,0.04517701028694593
2383,e_demand,2030,100,7,7,0.04517701028694593
2384,e_demand,2030,100,8,8,0.04517701028694593
2385,e_demand,2030,100,9,9,0.04517701028694593
2386,e_demand,2030,100,10,10,0.04517701028694593
2387,e_demand,2030,100,11,11,0.04517701028694593
2388,e_demand,2030,100,12,12,0.04517701028694593
2389,e_demand,2030,100,13,13,0.04517701028694593
2390,e_demand,2030,100,14,14,0.04517701028694593
2391,e_demand,2030,100,15,15,0.04517701028694593
2392,e_demand,2030,100,16,16,0.04517701028694593
2393,e_demand,2030,100,17,17,0.04517701028694593
2394,e_demand,2030,100,18,18,0.04517701028694593
2395,e_demand,2030,100,19,19,0.04517701028694593
2396,e_demand,2030,100,20,20,0.04517701028694593
2397,e_demand,2030,100,21,21,0.04517701028694593
2398,e_demand,2030,100,22,22,0.04517701028694593
2399,e_demand,2030,100,23,23,0.04517701028694593
2400,e_demand,2030,100,24,24,0.04517701028694593
2401,e_demand,2030,101,1,1,0.11992719732959711
2402,e_demand,2030,101,2,2,0.11992719732959711
2403,e_demand,2030,101,3,3,0.11992719732959711
2404,e_demand,2030,101,4,4,0.11992719732959711
2405,e_demand,2030,101,5,5,0.11992719732959711
2406,e_demand,2030,101,6,6,0.11992719732959711
2407,e_demand,2030,101,7,7,0.11992719732959711
2408,e_demand,2030,101,8,8,0.11992719732959711
2409,e_demand,2030,101,9,9,0.11992719732959711
2410,e_demand,2030,101,10,10,0.11992719732959711
2411,e_demand,2030,101,11,11,0.11992719732959711
2412,e_demand,2030,101,12,12,0.11992719732959711
2413,e_demand,2030,101,13,13,0.11992719732959711
2414,e_demand,2030,101,14,14,0.11992719732959711
2415,e_demand,2030,101,15,15,0.11992719732959711
2416,e_demand,2030,101,16,16,0.11992719732959711
2417,e_demand,2030,101,17,17,0.11992719732959711
2418,e_demand,2030,101,18,18,0.11992719732959711
2419,e_demand,2030,101,19,19,0.11992719732959711
2420,e_demand,2030,101,20,20,0.16789807626143596
2421,e_demand,2030,101,21,21,0.16789807626143596
2422,e_demand,2030,101,22,22,0.11992719732959711
2423,e_demand,2030,101,23,23,0.11992719732959711
2424,e_demand,2030,101,24,24,0.11992719732959711
2425,e_demand,2030,102,1,1,0.02673979511030348
2426,e_demand,2030,102,2,2,0.02673979511030348
2427,e_demand,2030,102,3,3,0.02673979511030348
2428,e_demand,2030,102,4,4,0.02673979511030348
2429,e_demand,2030,102,5,5,0.02673979511030348
2430,e_demand,2030,102,6,6,0.02673979511030348
2431,e_demand,2030,102,7,7,0.02673979511030348
2432,e_demand,2030,102,8,8,0.02673979511030348
2433,e_demand,2030,102,9,9,0.02673979511030348
2434,e_demand,2030,102,10,10,0.02673979511030348
2435,e_demand,2030,102,11,11,0.02673979511030348
2436,e_demand,2030,102,12,12,0.02673979511030348
2437,e_demand,2030,102,13,13,0.02673979511030348
2438,e_demand,2030,102,14,14,0.02673979511030348
2439,e_demand,2030,102,15,15,0.02673979511030348
2440,e_demand,2030,102,16,16,0.02673979511030348
2441,e_demand,2030,102,17,17,0.02673979511030348
2442,e_demand,2030,102,18,18,0.02673979511030348
2443,e_demand,2030,102,19,19,0.02673979511030348
2444,e_demand,2030,102,20,20,0.02673979511030348
2445,e_demand,2030,102,21,21,0.02673979511030348
2446,e_demand,2030,102,22,22,0.02673979511030348
2447,e_demand,2030,102,23,23,0.02673979511030348
2448,e_demand,2030,102,24,24,0.02673979511030348
2449,e_demand,2030,103,1,1,0.025
2450,e_demand,2030,103,2,2,0.025
2451,e_demand,2030,103,3,3,0.025
2452,e_demand,2030,103,4,4,0.025
2453,e_demand,2030,103,5,5,0.025
2454,e_demand,2030,103,6,6,0.025
2455,e_demand,2030,103,7,7,0.025
2456,e_demand,2030,103,8,8,0.025
2457,e_demand,2030,103,9,9,0.025
2458,e_demand,2030,103,10,10,0.025
2459,e_demand,2030,103,11,11,0.025
2460,e_demand,2030,103,12,12,0.025
2461,e_demand,2030,103,13,13,0.025
2462,e_demand,2030,103,14,14,0.025
2463,e_demand,2030,103,15,15,0.025
2464,e_demand,2030,103,16,16,0.025
2465,e_demand,2030,103,17,17,0.025
2466,e_demand,2030,103,18,18,0.025
2467,e_demand,2030,103,19,19,0.025
2468,e_demand,2030,103,20,20,0.025
2469,e_demand,2030,103,21,21,0.025
2470,e_demand,2030,103,22,22,0.025
2471,e_demand,2030,103,23,23,0.025
2472,e_demand,2030,103,24,24,0.025
2473,e_demand,2030,104,1,1,0.09406234260459959
2474,e_demand,2030,104,2,2,0.09406234260459959
2475,e_demand,2030,104,3,3,0.09406234260459959
2476,e_demand,2030,104,4,4,0.09406234260459959
2477,e_demand,2030,104,5,5,0.09406234260459959
2478,e_demand,2030,104,6,6,0.13168727964643942
2479,e_demand,2030,104,7,7,0.13168727964643942
2480,e_demand,2030,104,8,8,0.13168727964643942
2481,e_demand,2030,104,9,9,0.09406234260459959
2482,e_demand,2030,104,10,10,0.09406234260459959
2483,e_demand,2030,104,11,11,0.09406234260459959
2484,e_demand,2030,104,12,12,0.09406234260459959
2485,e_demand,2030,104,13,13,0.09406234260459959
2486,e_demand,2030,104,14,14,0.09406234260459959
2487,e_demand,2030,104,15,15,0.09406234260459959
2488,e_demand,2030,104,16,16,0.09406234260459959
2489,e_demand,2030,104,17,17,0.09406234260459959
2490,e_demand,2030,104,18,18,0.09406234260459959
2491,e_demand,2030,104,19,19,0.13168727964643942
2492,e_demand,2030,104,20,20,0.13168727964643942
2493,e_demand,2030,104,21,21,0.13168727964643942
2494,e_demand,2030,104,22,22,0.13168727964643942
2495,e_demand,2030,104,23,23,0.09406234260459959
2496,e_demand,2030,104,24,24,0.09406234260459959
2497,e_demand,2030,105,1,1,0.025
2498,e_demand,2030,105,2,2,0.025
2499,e_demand,2030,105,3,3,0.025
2500,e_demand,2030,105,4,4,0.025
2501,e_demand,2030,105,5,5,0.025
2502,e_demand,2030,105,6,6,0.025
2503,e_demand,2030,105,7,7,0.025
2504,e_demand,2030,105,8,8,0.025
2505,e_demand,2030,105,9,9,0.025
2506,e_demand,2030,105,10,10,0.025
2507,e_demand,2030,105,11,11,0.025
2508,e_demand,2030,105,12,12,0.025
2509,e_demand,2030,105,13,13,0.025
2510,e_demand,2030,105,14,14,0.025
2511,e_demand,2030,105,15,15,0.025
2512,e_demand,2030,105,16,16,0.025
2513,e_demand,2030,105,17,17,0.025
2514,e_demand,2030,105,18,18,0.025
2515,e_demand,2030,105,19,19,0.025
2516,e_demand,2030,105,20,20,0.025
2517,e_demand,2030,105,21,21,0.025
2518,e_demand,2030,105,22,22,0.025
2519,e_demand,2030,105,23,23,0.025
2520,e_demand,2030,105,24,24,0.025
2521,e_demand,2030,106,1,1,0.025
2522,e_demand,2030,106,2,2,0.025
2523,e_demand,2030,106,3,3,0.025
2524,e_demand,2030,106,4,4,0.025
2525,e_demand,2030,106,5,5,0.025
2526,e_demand,2030,106,6,6,0.025
2527,e_demand,2030,106,7,7,0.025
2528,e_demand,2030,106,8,8,0.025
2529,e_demand,2030,106,9,9,0.025
2530,e_demand,2030,106,10,10,0.025
2531,e_demand,2030,106,11,11,0.025
2532,e_demand,2030,106,12,12,0.025
2533,e_demand,2030,106,13,13,0.025
2534,e_demand,2030,106,14,14,0.025
2535,e_demand,2030,106,15,15,0.025
2536,e_demand,2030,106,16,16,0.025
2537,e_demand,2030,106,17,17,0.025
2538,e_demand,2030,106,18,18,0.025
2539,e_demand,2030,106,19,19,0.025
2540,e_demand,2030,106,20,20,0.025
2541,e_demand,2030,106,21,21,0.025
2542,e_demand,2030,106,22,22,0.025
2543,e_demand,2030,106,23,23,0.025
2544,e_demand,2030,106,24,24,0.025
2545,e_demand,2030,107,1,1,0.025
2546,e_demand,2030,107,2,2,0.025
2547,e_demand,2030,107,3,3,0.025
2548,e_demand,2030,107,4,4,0.025
2549,e_demand,2030,107,5,5,0.025
2550,e_demand,2030,107,6,6,0.025
2551,e_demand,2030,107,7,7,0.025
2552,e_demand,2030,107,8,8,0.025
2553,e_demand,2030,107,9,9,0.025
2554,e_demand,2030,107,10,10,0.025
2555,e_demand,2030,107,11,11,0.025
2556,e_demand,2030,107,12,12,0.025
2557,e_demand,2030,107,13,13,0.025
2558,e_demand,2030,107,14,14,0.025
2559,e_demand,2030,107,15,15,0.025
2560,e_demand,2030,107,16,16,0.025
2561,e_demand,2030,107,17,17,0.025
2562,e_demand,2030,107,18,18,0.025
2563,e_demand,2030,107,19,19,0.025
2564,e_demand,2030,107,20,20,0.025
2565,e_demand,2030,107,21,21,0.025
2566,e_demand,2030,107,22,22,0.025
2567,e_demand,2030,107,23,23,0.025
2568,e_demand,2030,107,24,24,0.025
2569,e_demand,2030,108,1,1,0.0747461541836285
2570,e_demand,2030,108,2,2,0.0747461541836285
2571,e_demand,2030,108,3,3,0.0747461541836285
2572,e_demand,2030,108,4,4,0.0747461541836285
2573,e_demand,2030,108,5,5,0.0747461541836285
2574,e_demand,2030,108,6,6,0.0747461541836285
2575,e_demand,2030,108,7,7,0.0747461541836285
2576,e_demand,2030,108,8,8,0.0747461541836285
2577,e_demand,2030,108,9,9,0.0747461541836285
2578,e_demand,2030,108,10,10,0.0747461541836285
2579,e_demand,2030,108,11,11,0.0747461541836285
2580,e_demand,2030,108,12,12,0.0747461541836285
2581,e_demand,2030,108,13,13,0.0747461541836285
2582,e_demand,2030,108,14,14,0.0747461541836285
2583,e_demand,2030,108,15,15,0.0747461541836285
2584,e_demand,2030,108,16,16,0.0747461541836285
2585,e_demand,2030,108,17,17,0.0747461541836285
2586,e_demand,2030,108,18,18,0.0747461541836285
2587,e_demand,2030,108,19,19,0.0747461541836285
2588,e_demand,2030,108,20,20,0.0747461541836285
2589,e_demand,2030,108,21,21,0.0747461541836285
2590,e_demand,2030,108,22,22,0.0747461541836285
2591,e_demand,2030,108,23,23,0.0747461541836285
2592,e_demand,2030,108,24,24,0.0747461541836285
2593,e_demand,2030,109,1,1,0.025
2594,e_demand,2030,109,2,2,0.025
2595,e_demand,2030,109,3,3,0.025
2596,e_demand,2030,109,4,4,0.025
2597,e_demand,2030,109,5,5,0.025
2598,e_demand,2030,109,6,6,0.025
2599,e_demand,2030,109,7,7,0.025
2600,e_demand,2030,109,8,8,0.025
2601,e_demand,2030,109,9,9,0.025
2602,e_demand,2030,109,10,10,0.025
2603,e_demand,2030,109,11,11,0.025
2604,e_demand,2030,109,12,12,0.025
2605,e_demand,2030,109,13,13,0.025
2606,e_demand,2030,109,14,14,0.025
2607,e_demand,2030,109,15,15,0.025
2608,e_demand,2030,109,16,16,0.025
2609,e_demand,2030,109,17,17,0.025
2610,e_demand,2030,109,18,18,0.025
2611,e_demand,2030,109,19,19,0.025
2612,e_demand,2030,109,20,20,0.025
2613,e_demand,2030,109,21,21,0.025
2614,e_demand,2030,109,22,22,0.025
2615,e_demand,2030,109,23,23,0.025
2616,e_demand,2030,109,24,24,0.025
2617,e_demand,2030,110,1,1,0.0480403057456329
2618,e_demand,2030,110,2,2,0.0480403057456329
2619,e_demand,2030,110,3,3,0.0480403057456329
2620,e_demand,2030,110,4,4,0.0480403057456329
2621,e_demand,2030,110,5,5,0.0480403057456329
2622,e_demand,2030,110,6,6,0.0480403057456329
2623,e_demand,2030,110,7,7,0.0480403057456329
2624,e_demand,2030,110,8,8,0.0480403057456329
2625,e_demand,2030,110,9,9,0.0480403057456329
2626,e_demand,2030,110,10,10,0.0480403057456329
2627,e_demand,2030,110,11,11,0.0480403057456329
2628,e_demand,2030,110,12,12,0.0480403057456329
2629,e_demand,2030,110,13,13,0.0480403057456329
2630,e_demand,2030,110,14,14,0.0480403057456329
2631,e_demand,2030,110,15,15,0.0480403057456329
2632,e_demand,2030,110,16,16,0.0480403057456329
2633,e_demand,2030,110,17,17,0.0480403057456329
2634,e_demand,2030,110,18,18,0.0480403057456329
2635,e_demand,2030,110,19,19,0.0480403057456329
2636,e_demand,2030,110,20,20,0.06725642804388607
2637,e_demand,2030,110,21,21,0.06725642804388607
2638,e_demand,2030,110,22,22,0.0480403057456329
2639,e_demand,2030,110,23,23,0.0480403057456329
2640,e_demand,2030,110,24,24,0.0480403057456329
2641,e_demand,2030,111,1,1,0.025
2642,e_demand,2030,111,2,2,0.025
2643,e_demand,2030,111,3,3,0.025
2644,e_demand,2030,111,4,4,0.025
2645,e_demand,2030,111,5,5,0.025
2646,e_demand,2030,111,6,6,0.025
2647,e_demand,2030,111,7,7,0.025
2648,e_demand,2030,111,8,8,0.025
2649,e_demand,2030,111,9,9,0.025
2650,e_demand,2030,111,10,10,0.025
2651,e_demand,2030,111,11,11,0.025
2652,e_demand,2030,111,12,12,0.025
2653,e_demand,2030,111,13,13,0.025
2654,e_demand,2030,111,14,14,0.025
2655,e_demand,2030,111,15,15,0.025
2656,e_demand,2030,111,16,16,0.025
2657,e_demand,2030,111,17,17,0.025
2658,e_demand,2030,111,18,18,0.025
2659,e_demand,2030,111,19,19,0.035
2660,e_demand,2030,111,20,20,0.035
2661,e_demand,2030,111,21,21,0.035
2662,e_demand,2030,111,22,22,0.025
2663,e_demand,2030,111,23,23,0.025
2664,e_demand,2030,111,24,24,0.025
2665,e_demand,2030,112,1,1,0.025
2666,e_demand,2030,112,2,2,0.025
2667,e_demand,2030,112,3,3,0.025
2668,e_demand,2030,112,4,4,0.025
2669,e_demand,2030,112,5,5,0.025
2670,e_demand,2030,112,6,6,0.025
2671,e_demand,2030,112,7,7,0.025
2672,e_demand,2030,112,8,8,0.025
2673,e_demand,2030,112,9,9,0.025
2674,e_demand,2030,112,10,10,0.025
2675,e_demand,2030,112,11,11,0.025
2676,e_demand,2030,112,12,12,0.025
2677,e_demand,2030,112,13,13,0.025
2678,e_demand,2030,112,14,14,0.025
2679,e_demand,2030,112,15,15,0.025
2680,e_demand,2030,112,16,16,0.025
2681,e_demand,2030,112,17,17,0.025
2682,e_demand,2030,112,18,18,0.025
2683,e_demand,2030,112,19,19,0.025
2684,e_demand,2030,112,20,20,0.025
2685,e_demand,2030,112,21,21,0.025
2686,e_demand,2030,112,22,22,0.025
2687,e_demand,2030,112,23,23,0.025
2688,e_demand,2030,112,24,24,0.025
2689,e_demand,2030,113,1,1,0.0734125163264213
2690,e_demand,2030,113,2,2,0.0734125163264213
2691,e_demand,2030,113,3,3,0.0734125163264213
2692,e_demand,2030,113,4,4,0.0734125163264213
2693,e_demand,2030,113,5,5,0.0734125163264213
2694,e_demand,2030,113,6,6,0.0734125163264213
2695,e_demand,2030,113,7,7,0.0734125163264213
2696,e_demand,2030,113,8,8,0.0734125163264213
2697,e_demand,2030,113,9,9,0.0734125163264213
2698,e_demand,2030,113,10,10,0.0734125163264213
2699,e_demand,2030,113,11,11,0.0734125163264213
2700,e_demand,2030,113,12,12,0.0734125163264213
2701,e_demand,2030,113,13,13,0.0734125163264213
2702,e_demand,2030,113,14,14,0.0734125163264213
2703,e_demand,2030,113,15,15,0.0734125163264213
2704,e_demand,2030,113,16,16,0.0734125163264213
2705,e_demand,2030,113,17,17,0.0734125163264213
2706,e_demand,2030,113,18,18,0.0734125163264213
2707,e_demand,2030,113,19,19,0.0734125163264213
2708,e_demand,2030,113,20,20,0.10277752285698982
2709,e_demand,2030,113,21,21,0.10277752285698982
2710,e_demand,2030,113,22,22,0.0734125163264213
2711,e_demand,2030,113,23,23,0.0734125163264213
2712,e_demand,2030,113,24,24,0.0734125163264213
2713,e_demand,2030,114,1,1,0.025
2714,e_demand,2030,114,2,2,0.025
2715,e_demand,2030,114,3,3,0.025
2716,e_demand,2030,114,4,4,0.025
2717,e_demand,2030,114,5,5,0.025
2718,e_demand,2030,114,6,6,0.025
2719,e_demand,2030,114,7,7,0.025
2720,e_demand,2030,114,8,8,0.025
2721,e_demand,2030,114,9,9,0.025
2722,e_demand,2030,114,10,10,0.025
2723,e_demand,2030,114,11,11,0.025
2724,e_demand,2030,114,12,12,0.025
2725,e_demand,2030,114,13,13,0.025
2726,e_demand,2030,114,14,14,0.025
2727,e_demand,2030,114,15,15,0.025
2728,e_demand,2030,114,16,16,0.025
2729,e_demand,2030,114,17,17,0.025
2730,e_demand,2030,114,18,18,0.025
2731,e_demand,2030,114,19,19,0.025
2732,e_demand,2030,114,20,20,0.025
2733,e_demand,2030,114,21,21,0.025
2734,e_demand,2030,114,22,22,0.025
2735,e_demand,2030,114,23,23,0.025
2736,e_demand,2030,114,24,24,0.025
2737,e_demand,2030,115,1,1,0.025
2738,e_demand,2030,115,2,2,0.025
2739,e_demand,2030,115,3,3,0.025
2740,e_demand,2030,115,4,4,0.025
2741,e_demand,2030,115,5,5,0.025
2742,e_demand,2030,115,6,6,0.025
2743,e_demand,2030,115,7,7,0.025
2744,e_demand,2030,115,8,8,0.035
2745,e_demand,2030,115,9,9,0.035
2746,e_demand,2030,115,10,10,0.025
2747,e_demand,2030,115,11,11,0.025
2748,e_demand,2030,115,12,12,0.025
2749,e_demand,2030,115,13,13,0.025
2750,e_demand,2030,115,14,14,0.025
2751,e_demand,2030,115,15,15,0.025
2752,e_demand,2030,115,16,16,0.025
2753,e_demand,2030,115,17,17,0.035
2754,e_demand,2030,115,18,18,0.035
2755,e_demand,2030,115,19,19,0.035
2756,e_demand,2030,115,20,20,10.0
2757,e_demand,2030,115,21,21,10.0
2758,e_demand,2030,115,22,22,0.035
2759,e_demand,2030,115,23,23,0.035
2760,e_demand,2030,115,24,24,0.035
2761,e_demand,2030,116,1,1,0.04952076770437717
2762,e_demand,2030,116,2,2,0.04952076770437717
2763,e_demand,2030,116,3,3,0.04952076770437717
2764,e_demand,2030,116,4,4,0.04952076770437717
2765,e_demand,2030,116,5,5,0.04952076770437717
2766,e_demand,2030,116,6,6,0.04952076770437717
2767,e_demand,2030,116,7,7,0.04952076770437717
2768,e_demand,2030,116,8,8,0.04952076770437717
2769,e_demand,2030,116,9,9,0.04952076770437717
2770,e_demand,2030,116,10,10,0.04952076770437717
2771,e_demand,2030,116,11,11,0.04952076770437717
2772,e_demand,2030,116,12,12,0.04952076770437717
2773,e_demand,2030,116,13,13,0.04952076770437717
2774,e_demand,2030,116,14,14,0.04952076770437717
2775,e_demand,2030,116,15,15,0.04952076770437717
2776,e_demand,2030,116,16,16,0.04952076770437717
2777,e_demand,2030,116,17,17,0.04952076770437717
2778,e_demand,2030,116,18,18,0.04952076770437717
2779,e_demand,2030,116,19,19,0.04952076770437717
2780,e_demand,2030,116,20,20,0.04952076770437717
2781,e_demand,2030,116,21,21,0.04952076770437717
2782,e_demand,2030,116,22,22,0.04952076770437717
2783,e_demand,2030,116,23,23,0.04952076770437717
2784,e_demand,2030,116,24,24,0.04952076770437717
2785,e_demand,2030,117,1,1,0.04969279325011509
2786,e_demand,2030,117,2,2,0.04969279325011509
2787,e_demand,2030,117,3,3,0.04969279325011509
2788,e_demand,2030,117,4,4,0.04969279325011509
2789,e_demand,2030,117,5,5,0.04969279325011509
2790,e_demand,2030,117,6,6,0.04969279325011509
2791,e_demand,2030,117,7,7,0.04969279325011509
2792,e_demand,2030,117,8,8,0.04969279325011509
2793,e_demand,2030,117,9,9,0.04969279325011509
2794,e_demand,2030,117,10,10,0.04969279325011509
2795,e_demand,2030,117,11,11,0.04969279325011509
2796,e_demand,2030,117,12,12,0.04969279325011509
2797,e_demand,2030,117,13,13,0.04969279325011509
2798,e_demand,2030,117,14,14,0.04969279325011509
2799,e_demand,2030,117,15,15,0.04969279325011509
2800,e_demand,2030,117,16,16,0.04969279325011509
2801,e_demand,2030,117,17,17,0.04969279325011509
2802,e_demand,2030,117,18,18,0.04969279325011509
2803,e_demand,2030,117,19,19,0.04969279325011509
2804,e_demand,2030,117,20,20,0.04969279325011509
2805,e_demand,2030,117,21,21,0.04969279325011509
2806,e_demand,2030,117,22,22,0.04969279325011509
2807,e_demand,2030,117,23,23,0.04969279325011509
2808,e_demand,2030,117,24,24,0.04969279325011509
2809,e_demand,2030,118,1,1,0.025262398009740502
2810,e_demand,2030,118,2,2,0.025262398009740502
2811,e_demand,2030,118,3,3,0.025262398009740502
2812,e_demand,2030,118,4,4,0.025262398009740502
2813,e_demand,2030,118,5,5,0.025262398009740502
2814,e_demand,2030,118,6,6,0.025262398009740502
2815,e_demand,2030,118,7,7,0.025262398009740502
2816,e_demand,2030,118,8,8,0.025262398009740502
2817,e_demand,2030,118,9,9,0.025262398009740502
2818,e_demand,2030,118,10,10,0.025262398009740502
2819,e_demand,2030,118,11,11,0.025262398009740502
2820,e_demand,2030,118,12,12,0.025262398009740502
2821,e_demand,2030,118,13,13,0.025262398009740502
2822,e_demand,2030,118,14,14,0.025262398009740502
2823,e_demand,2030,118,15,15,0.025262398009740502
2824,e_demand,2030,118,16,16,0.025262398009740502
2825,e_demand,2030,118,17,17,0.025262398009740502
2826,e_demand,2030,118,18,18,0.025262398009740502
2827,e_demand,2030,118,19,19,0.025262398009740502
2828,e_demand,2030,118,20,20,0.025262398009740502
2829,e_demand,2030,118,21,21,0.025262398009740502
2830,e_demand,2030,118,22,22,0.025262398009740502
2831,e_demand,2030,118,23,23,0.025262398009740502
2832,e_demand,2030,118,24,24,0.025262398009740502
2833,e_demand,2030,119,1,1,0.025
2834,e_demand,2030,119,2,2,0.025
2835,e_demand,2030,119,3,3,0.025
2836,e_demand,2030,119,4,4,0.025
2837,e_demand,2030,119,5,5,0.025
2838,e_demand,2030,119,6,6,0.025
2839,e_demand,2030,119,7,7,0.025
2840,e_demand,2030,119,8,8,0.025
2841,e_demand,2030,119,9,9,0.025
2842,e_demand,2030,119,10,10,0.025
2843,e_demand,2030,119,11,11,0.025
2844,e_demand,2030,119,12,12,0.025
2845,e_demand,2030,119,13,13,0.025
2846,e_demand,2030,119,14,14,0.025
2847,e_demand,2030,119,15,15,0.025
2848,e_demand,2030,119,16,16,0.025
2849,e_demand,2030,119,17,17,0.025
2850,e_demand,2030,119,18,18,0.025
2851,e_demand,2030,119,19,19,0.025
2852,e_demand,2030,119,20,20,0.025
2853,e_demand,2030,119,21,21,0.025
2854,e_demand,2030,119,22,22,0.025
2855,e_demand,2030,119,23,23,0.025
2856,e_demand,2030,119,24,24,0.025
2857,e_demand,2030,120,1,1,0.048955482179532495
2858,e_demand,2030,120,2,2,0.048955482179532495
2859,e_demand,2030,120,3,3,0.048955482179532495
2860,e_demand,2030,120,4,4,0.048955482179532495
2861,e_demand,2030,120,5,5,0.048955482179532495
2862,e_demand,2030,120,6,6,0.048955482179532495
2863,e_demand,2030,120,7,7,0.048955482179532495
2864,e_demand,2030,120,8,8,0.048955482179532495
2865,e_demand,2030,120,9,9,0.048955482179532495
2866,e_demand,2030,120,10,10,0.048955482179532495
2867,e_demand,2030,120,11,11,0.048955482179532495
2868,e_demand,2030,120,12,12,0.048955482179532495
2869,e_demand,2030,120,13,13,0.048955482179532495
2870,e_demand,2030,120,14,14,0.048955482179532495
2871,e_demand,2030,120,15,15,0.048955482179532495
2872,e_demand,2030,120,16,16,0.048955482179532495
2873,e_demand,2030,120,17,17,0.048955482179532495
2874,e_demand,2030,120,18,18,0.048955482179532495
2875,e_demand,2030,120,19,19,0.048955482179532495
2876,e_demand,2030,120,20,20,0.048955482179532495
2877,e_demand,2030,120,21,21,0.048955482179532495
2878,e_demand,2030,120,22,22,0.048955482179532495
2879,e_demand,2030,120,23,23,0.048955482179532495
2880,e_demand,2030,120,24,24,0.048955482179532495
2881,e_demand,2030,121,1,1,0.025
2882,e_demand,2030,121,2,2,0.025
2883,e_demand,2030,121,3,3,0.025
2884,e_demand,2030,121,4,4,0.025
2885,e_demand,2030,121,5,5,0.025
2886,e_demand,2030,121,6,6,0.025
2887,e_demand,2030,121,7,7,0.025
2888,e_demand,2030,121,8,8,0.025
2889,e_demand,2030,121,9,9,0.025
2890,e_demand,2030,121,10,10,0.025
2891,e_demand,2030,121,11,11,0.025
2892,e_demand,2030,121,12,12,0.025
2893,e_demand,2030,121,13,13,0.025
2894,e_demand,2030,121,14,14,0.025
2895,e_demand,2030,121,15,15,0.025
2896,e_demand,2030,121,16,16,0.025
2897,e_demand,2030,121,17,17,0.025
2898,e_demand,2030,121,18,18,0.025
2899,e_demand,2030,121,19,19,0.025
2900,e_demand,2030,121,20,20,0.025
2901,e_demand,2030,121,21,21,0.025
2902,e_demand,2030,121,22,22,0.025
2903,e_demand,2030,121,23,23,0.025
2904,e_demand,2030,121,24,24,0.025
2905,e_demand,2030,122,1,1,0.025
2906,e_demand,2030,122,2,2,0.025
2907,e_demand,2030,122,3,3,0.025
2908,e_demand,2030,122,4,4,0.025
2909,e_demand,2030,122,5,5,0.025
2910,e_demand,2030,122,6,6,0.025
2911,e_demand,2030,122,7,7,0.025
2912,e_demand,2030,122,8,8,0.025
2913,e_demand,2030,122,9,9,0.025
2914,e_demand,2030,122,10,10,0.025
2915,e_demand,2030,122,11,11,0.025
2916,e_demand,2030,122,12,12,0.025
2917,e_demand,2030,122,13,13,0.025
2918,e_demand,2030,122,14,14,0.025
2919,e_demand,2030,122,15,15,0.025
2920,e_demand,2030,122,16,16,0.025
2921,e_demand,2030,122,17,17,0.025
2922,e_demand,2030,122,18,18,0.025
2923,e_demand,2030,122,19,19,0.025
2924,e_demand,2030,122,20,20,0.025
2925,e_demand,2030,122,21,21,0.025
2926,e_demand,2030,122,22,22,0.025
2927,e_demand,2030,122,23,23,0.025
2928,e_demand,2030,122,24,24,0.025
2929,e_demand,2030,123,1,1,0.025
2930,e_demand,2030,123,2,2,0.025
2931,e_demand,2030,123,3,3,0.025
2932,e_demand,2030,123,4,4,0.025
2933,e_demand,2030,123,5,5,0.025
2934,e_demand,2030,123,6,6,0.025
2935,e_demand,2030,123,7,7,0.025
2936,e_demand,2030,123,8,8,0.025
2937,e_demand,2030,123,9,9,0.025
2938,e_demand,2030,123,10,10,0.025
2939,e_demand,2030,123,11,11,0.025
2940,e_demand,2030,123,12,12,0.025
2941,e_demand,2030,123,13,13,0.025
2942,e_demand,2030,123,14,14,0.025
2943,e_demand,2030,123,15,15,0.025
2944,e_demand,2030,123,16,16,0.025
2945,e_demand,2030,123,17,17,0.025
2946,e_demand,2030,123,18,18,0.025
2947,e_demand,2030,123,19,19,0.025
2948,e_demand,2030,123,20,20,0.025
2949,e_demand,2030,123,21,21,0.025
2950,e_demand,2030,123,22,22,0.025
2951,e_demand,2030,123,23,23,0.025
2952,e_demand,2030,123,24,24,0.025
2953,e_demand,2030,124,1,1,0.02633266024433012
2954,e_demand,2030,124,2,2,0.02633266024433012
2955,e_demand,2030,124,3,3,0.02633266024433012
2956,e_demand,2030,124,4,4,0.02633266024433012
2957,e_demand,2030,124,5,5,0.02633266024433012
2958,e_demand,2030,124,6,6,0.02633266024433012
2959,e_demand,2030,124,7,7,0.02633266024433012
2960,e_demand,2030,124,8,8,0.02633266024433012
2961,e_demand,2030,124,9,9,0.02633266024433012
2962,e_demand,2030,124,10,10,0.02633266024433012
2963,e_demand,2030,124,11,11,0.02633266024433012
2964,e_demand,2030,124,12,12,0.02633266024433012
2965,e_demand,2030,124,13,13,0.02633266024433012
2966,e_demand,2030,124,14,14,0.02633266024433012
2967,e_demand,2030,124,15,15,0.02633266024433012
2968,e_demand,2030,124,16,16,0.02633266024433012
2969,e_demand,2030,124,17,17,0.02633266024433012
2970,e_demand,2030,124,18,18,0.02633266024433012
2971,e_demand,2030,124,19,19,0.02633266024433012
2972,e_demand,2030,124,20,20,0.02633266024433012
2973,e_demand,2030,124,21,21,0.02633266024433012
2974,e_demand,2030,124,22,22,0.02633266024433012
2975,e_demand,2030,124,23,23,0.02633266024433012
2976,e_demand,2030,124,24,24,0.02633266024433012
2977,e_demand,2030,125,1,1,0.02562221482511361
2978,e_demand,2030,125,2,2,0.02562221482511361
2979,e_demand,2030,125,3,3,0.02562221482511361
2980,e_demand,2030,125,4,4,0.02562221482511361
2981,e_demand,2030,125,5,5,0.02562221482511361
2982,e_demand,2030,125,6,6,0.02562221482511361
2983,e_demand,2030,125,7,7,0.02562221482511361
2984,e_demand,2030,125,8,8,0.02562221482511361
2985,e_demand,2030,125,9,9,0.02562221482511361
2986,e_demand,2030,125,10,10,0.02562221482511361
2987,e_demand,2030,125,11,11,0.02562221482511361
2988,e_demand,2030,125,12,12,0.02562221482511361
2989,e_demand,2030,125,13,13,0.02562221482511361
2990,e_demand,2030,125,14,14,0.02562221482511361
2991,e_demand,2030,125,15,15,0.02562221482511361
2992,e_demand,2030,125,16,16,0.02562221482511361
2993,e_demand,2030,125,17,17,0.02562221482511361
2994,e_demand,2030,125,18,18,0.02562221482511361
2995,e_demand,2030,125,19,19,0.02562221482511361
2996,e_demand,2030,125,20,20,0.02562221482511361
2997,e_demand,2030,125,21,21,0.02562221482511361
2998,e_demand,2030,125,22,22,0.02562221482511361
2999,e_demand,2030,125,23,23,0.02562221482511361
3000,e_demand,2030,125,24,24,0.02562221482511361
3001,e_demand,2030,126,1,1,0.04770135579924725
3002,e_demand,2030,126,2,2,0.04770135579924725
3003,e_demand,2030,126,3,3,0.04770135579924725
3004,e_demand,2030,126,4,4,0.04770135579924725
3005,e_demand,2030,126,5,5,0.04770135579924725
3006,e_demand,2030,126,6,6,0.04770135579924725
3007,e_demand,2030,126,7,7,0.04770135579924725
3008,e_demand,2030,126,8,8,0.04770135579924725
3009,e_demand,2030,126,9,9,0.04770135579924725
3010,e_demand,2030,126,10,10,0.04770135579924725
3011,e_demand,2030,126,11,11,0.04770135579924725
3012,e_demand,2030,126,12,12,0.04770135579924725
3013,e_demand,2030,126,13,13,0.04770135579924725
3014,e_demand,2030,126,14,14,0.04770135579924725
3015,e_demand,2030,126,15,15,0.04770135579924725
3016,e_demand,2030,126,16,16,0.04770135579924725
3017,e_demand,2030,126,17,17,0.04770135579924725
3018,e_demand,2030,126,18,18,0.04770135579924725
3019,e_demand,2030,126,19,19,0.06678189811894615
3020,e_demand,2030,126,20,20,0.06678189811894615
3021,e_demand,2030,126,21,21,0.06678189811894615
3022,e_demand,2030,126,22,22,0.04770135579924725
3023,e_demand,2030,126,23,23,0.04770135579924725
3024,e_demand,2030,126,24,24,0.04770135579924725
3025,e_demand,2030,127,1,1,0.4951529911541903
3026,e_demand,2030,127,2,2,0.4951529911541903
3027,e_demand,2030,127,3,3,0.4951529911541903
3028,e_demand,2030,127,4,4,0.4951529911541903
3029,e_demand,2030,127,5,5,0.4951529911541903
3030,e_demand,2030,127,6,6,0.4951529911541903
3031,e_demand,2030,127,7,7,0.4951529911541903
3032,e_demand,2030,127,8,8,0.4951529911541903
3033,e_demand,2030,127,9,9,0.4951529911541903
3034,e_demand,2030,127,10,10,0.4951529911541903
3035,e_demand,2030,127,11,11,0.4951529911541903
3036,e_demand,2030,127,12,12,0.4951529911541903
3037,e_demand,2030,127,13,13,0.4951529911541903
3038,e_demand,2030,127,14,14,0.4951529911541903
3039,e_demand,2030,127,15,15,0.4951529911541903
3040,e_demand,2030,127,16,16,0.4951529911541903
3041,e_demand,2030,127,17,17,0.4951529911541903
3042,e_demand,2030,127,18,18,0.4951529911541903
3043,e_demand,2030,127,19,19,0.4951529911541903
3044,e_demand,2030,127,20,20,0.4951529911541903
3045,e_demand,2030,127,21,21,0.4951529911541903
3046,e_demand,2030,127,22,22,0.4951529911541903
3047,e_demand,2030,127,23,23,0.4951529911541903
3048,e_demand,2030,127,24,24,0.4951529911541903
3049,e_demand,2030,128,1,1,0.05036771377807697
3050,e_demand,2030,128,2,2,0.05036771377807697
3051,e_demand,2030,128,3,3,0.05036771377807697
3052,e_demand,2030,128,4,4,0.05036771377807697
3053,e_demand,2030,128,5,5,0.05036771377807697
3054,e_demand,2030,128,6,6,0.05036771377807697
3055,e_demand,2030,128,7,7,0.05036771377807697
3056,e_demand,2030,128,8,8,0.05036771377807697
3057,e_demand,2030,128,9,9,0.05036771377807697
3058,e_demand,2030,128,10,10,0.05036771377807697
3059,e_demand,2030,128,11,11,0.05036771377807697
3060,e_demand,2030,128,12,12,0.05036771377807697
3061,e_demand,2030,128,13,13,0.05036771377807697
3062,e_demand,2030,128,14,14,0.05036771377807697
3063,e_demand,2030,128,15,15,0.05036771377807697
3064,e_demand,2030,128,16,16,0.05036771377807697
3065,e_demand,2030,128,17,17,0.05036771377807697
3066,e_demand,2030,128,18,18,0.05036771377807697
3067,e_demand,2030,128,19,19,0.05036771377807697
3068,e_demand,2030,128,20,20,0.05036771377807697
3069,e_demand,2030,128,21,21,0.05036771377807697
3070,e_demand,2030,128,22,22,0.05036771377807697
3071,e_demand,2030,128,23,23,0.05036771377807697
3072,e_demand,2030,128,24,24,0.05036771377807697
3073,e_demand,2030,129,1,1,0.05821345674136004
3074,e_demand,2030,129,2,2,0.05821345674136004
3075,e_demand,2030,129,3,3,0.05821345674136004
3076,e_demand,2030,129,4,4,0.05821345674136004
3077,e_demand,2030,129,5,5,0.05821345674136004
3078,e_demand,2030,129,6,6,0.05821345674136004
3079,e_demand,2030,129,7,7,0.05821345674136004
3080,e_demand,2030,129,8,8,0.05821345674136004
3081,e_demand,2030,129,9,9,0.05821345674136004
3082,e_demand,2030,129,10,10,0.05821345674136004
3083,e_demand,2030,129,11,11,0.05821345674136004
3084,e_demand,2030,129,12,12,0.05821345674136004
3085,e_demand,2030,129,13,13,0.05821345674136004
3086,e_demand,2030,129,14,14,0.05821345674136004
3087,e_demand,2030,129,15,15,0.05821345674136004
3088,e_demand,2030,129,16,16,0.05821345674136004
3089,e_demand,2030,129,17,17,0.05821345674136004
3090,e_demand,2030,129,18,18,0.05821345674136004
3091,e_demand,2030,129,19,19,0.08149883943790406
3092,e_demand,2030,129,20,20,0.08149883943790406
3093,e_demand,2030,129,21,21,0.08149883943790406
3094,e_demand,2030,129,22,22,0.08149883943790406
3095,e_demand,2030,129,23,23,0.05821345674136004
3096,e_demand,2030,129,24,24,0.05821345674136004
3097,e_demand,2030,130,1,1,0.16053990468814616
3098,e_demand,2030,130,2,2,0.16053990468814616
3099,e_demand,2030,130,3,3,0.16053990468814616
3100,e_demand,2030,130,4,4,0.16053990468814616
3101,e_demand,2030,130,5,5,0.16053990468814616
3102,e_demand,2030,130,6,6,0.16053990468814616
3103,e_demand,2030,130,7,7,0.16053990468814616
3104,e_demand,2030,130,8,8,0.16053990468814616
3105,e_demand,2030,130,9,9,0.16053990468814616
3106,e_demand,2030,130,10,10,0.16053990468814616
3107,e_demand,2030,130,11,11,0.16053990468814616
3108,e_demand,2030,130,12,12,0.16053990468814616
3109,e_demand,2030,130,13,13,0.16053990468814616
3110,e_demand,2030,130,14,14,0.16053990468814616
3111,e_demand,2030,130,15,15,0.16053990468814616
3112,e_demand,2030,130,16,16,0.16053990468814616
3113,e_demand,2030,130,17,17,0.16053990468814616
3114,e_demand,2030,130,18,18,0.16053990468814616
3115,e_demand,2030,130,19,19,0.16053990468814616
3116,e_demand,2030,130,20,20,0.16053990468814616
3117,e_demand,2030,130,21,21,0.16053990468814616
3118,e_demand,2030,130,22,22,0.16053990468814616
3119,e_demand,2030,130,23,23,0.16053990468814616
3120,e_demand,2030,130,24,24,0.16053990468814616
3121,e_demand,2030,131,1,1,0.025
3122,e_demand,2030,131,2,2,0.025
3123,e_demand,2030,131,3,3,0.025
3124,e_demand,2030,131,4,4,0.025
3125,e_demand,2030,131,5,5,0.025
3126,e_demand,2030,131,6,6,0.025
3127,e_demand,2030,131,7,7,0.025
3128,e_demand,2030,131,8,8,0.025
3129,e_demand,2030,131,9,9,0.025
3130,e_demand,2030,131,10,10,0.025
3131,e_demand,2030,131,11,11,0.025
3132,e_demand,2030,131,12,12,0.025
3133,e_demand,2030,131,13,13,0.025
3134,e_demand,2030,131,14,14,0.025
3135,e_demand,2030,131,15,15,0.025
3136,e_demand,2030,131,16,16,0.025
3137,e_demand,2030,131,17,17,0.025
3138,e_demand,2030,131,18,18,0.025
3139,e_demand,2030,131,19,19,0.025
3140,e_demand,2030,131,20,20,0.025
3141,e_demand,2030,131,21,21,0.025
3142,e_demand,2030,131,22,22,0.025
3143,e_demand,2030,131,23,23,0.025
3144,e_demand,2030,131,24,24,0.025
3145,e_demand,2030,132,1,1,0.03239848017163452
3146,e_demand,2030,132,2,2,0.03239848017163452
3147,e_demand,2030,132,3,3,0.03239848017163452
3148,e_demand,2030,132,4,4,0.03239848017163452
3149,e_demand,2030,132,5,5,0.03239848017163452
3150,e_demand,2030,132,6,6,0.03239848017163452
3151,e_demand,2030,132,7,7,0.03239848017163452
3152,e_demand,2030,132,8,8,0.03239848017163452
3153,e_demand,2030,132,9,9,0.03239848017163452
3154,e_demand,2030,132,10,10,0.03239848017163452
3155,e_demand,2030,132,11,11,0.03239848017163452
3156,e_demand,2030,132,12,12,0.03239848017163452
3157,e_demand,2030,132,13,13,0.03239848017163452
3158,e_demand,2030,132,14,14,0.03239848017163452
3159,e_demand,2030,132,15,15,0.03239848017163452
3160,e_demand,2030,132,16,16,0.03239848017163452
3161,e_demand,2030,132,17,17,0.03239848017163452
3162,e_demand,2030,132,18,18,0.03239848017163452
3163,e_demand,2030,132,19,19,0.03239848017163452
3164,e_demand,2030,132,20,20,0.03239848017163452
3165,e_demand,2030,132,21,21,0.03239848017163452
3166,e_demand,2030,132,22,22,0.03239848017163452
3167,e_demand,2030,132,23,23,0.03239848017163452
3168,e_demand,2030,132,24,24,0.03239848017163452
3169,e_demand,2030,133,1,1,0.025524600472242094
3170,e_demand,2030,133,2,2,0.025524600472242094
3171,e_demand,2030,133,3,3,0.025524600472242094
3172,e_demand,2030,133,4,4,0.025524600472242094
3173,e_demand,2030,133,5,5,0.025524600472242094
3174,e_demand,2030,133,6,6,0.025524600472242094
3175,e_demand,2030,133,7,7,0.025524600472242094
3176,e_demand,2030,133,8,8,0.025524600472242094
3177,e_demand,2030,133,9,9,0.025524600472242094
3178,e_demand,2030,133,10,10,0.025524600472242094
3179,e_demand,2030,133,11,11,0.025524600472242094
3180,e_demand,2030,133,12,12,0.025524600472242094
3181,e_demand,2030,133,13,13,0.025524600472242094
3182,e_demand,2030,133,14,14,0.025524600472242094
3183,e_demand,2030,133,15,15,0.025524600472242094
3184,e_demand,2030,133,16,16,0.025524600472242094
3185,e_demand,2030,133,17,17,0.025524600472242094
3186,e_demand,2030,133,18,18,0.025524600472242094
3187,e_demand,2030,133,19,19,0.025524600472242094
3188,e_demand,2030,133,20,20,0.025524600472242094
3189,e_demand,2030,133,21,21,0.025524600472242094
3190,e_demand,2030,133,22,22,0.025524600472242094
3191,e_demand,2030,133,23,23,0.025524600472242094
3192,e_demand,2030,133,24,24,0.025524600472242094
3193,e_demand,2030,134,1,1,0.18571049808630802
3194,e_demand,2030,134,2,2,0.18571049808630802
3195,e_demand,2030,134,3,3,0.18571049808630802
3196,e_demand,2030,134,4,4,0.18571049808630802
3197,e_demand,2030,134,5,5,0.18571049808630802
3198,e_demand,2030,134,6,6,0.18571049808630802
3199,e_demand,2030,134,7,7,0.18571049808630802
3200,e_demand,2030,134,8,8,0.18571049808630802
3201,e_demand,2030,134,9,9,0.18571049808630802
3202,e_demand,2030,134,10,10,0.18571049808630802
3203,e_demand,2030,134,11,11,0.18571049808630802
3204,e_demand,2030,134,12,12,0.18571049808630802
3205,e_demand,2030,134,13,13,0.18571049808630802
3206,e_demand,2030,134,14,14,0.18571049808630802
3207,e_demand,2030,134,15,15,0.18571049808630802
3208,e_demand,2030,134,16,16,0.18571049808630802
3209,e_demand,2030,134,17,17,0.18571049808630802
3210,e_demand,2030,134,18,18,0.18571049808630802
3211,e_demand,2030,134,19,19,0.18571049808630802
3212,e_demand,2030,134,20,20,0.18571049808630802
3213,e_demand,2030,134,21,21,0.18571049808630802
3214,e_demand,2030,134,22,22,0.18571049808630802
3215,e_demand,2030,134,23,23,0.18571049808630802
3216,e_demand,2030,134,24,24,0.18571049808630802
3217,e_demand,2030,135,1,1,0.04999657548628874
3218,e_demand,2030,135,2,2,0.04999657548628874
3219,e_demand,2030,135,3,3,0.04999657548628874
3220,e_demand,2030,135,4,4,0.04999657548628874
3221,e_demand,2030,135,5,5,0.04999657548628874
3222,e_demand,2030,135,6,6,0.04999657548628874
3223,e_demand,2030,135,7,7,0.04999657548628874
3224,e_demand,2030,135,8,8,0.04999657548628874
3225,e_demand,2030,135,9,9,0.04999657548628874
3226,e_demand,2030,135,10,10,0.04999657548628874
3227,e_demand,2030,135,11,11,0.04999657548628874
3228,e_demand,2030,135,12,12,0.04999657548628874
3229,e_demand,2030,135,13,13,0.04999657548628874
3230,e_demand,2030,135,14,14,0.04999657548628874
3231,e_demand,2030,135,15,15,0.04999657548628874
3232,e_demand,2030,135,16,16,0.04999657548628874
3233,e_demand,2030,135,17,17,0.04999657548628874
3234,e_demand,2030,135,18,18,0.04999657548628874
3235,e_demand,2030,135,19,19,0.04999657548628874
3236,e_demand,2030,135,20,20,0.04999657548628874
3237,e_demand,2030,135,21,21,0.04999657548628874
3238,e_demand,2030,135,22,22,0.04999657548628874
3239,e_demand,2030,135,23,23,0.04999657548628874
3240,e_demand,2030,135,24,24,0.04999657548628874
3241,e_demand,2030,136,1,1,0.025
3242,e_demand,2030,136,2,2,0.025
3243,e_demand,2030,136,3,3,0.025
3244,e_demand,2030,136,4,4,0.025
3245,e_demand,2030,136,5,5,0.025
3246,e_demand,2030,136,6,6,0.025
3247,e_demand,2030,136,7,7,0.025
3248,e_demand,2030,136,8,8,0.025
3249,e_demand,2030,136,9,9,0.025
3250,e_demand,2030,136,10,10,0.025
3251,e_demand,2030,136,11,11,0.025
3252,e_demand,2030,136,12,12,0.025
3253,e_demand,2030,136,13,13,0.025
3254,e_demand,2030,136,14,14,0.025
3255,e_demand,2030,136,15,15,0.025
3256,e_demand,2030,136,16,16,0.025
3257,e_demand,2030,136,17,17,0.025
3258,e_demand,2030,136,18,18,0.025
3259,e_demand,2030,136,19,19,0.025
3260,e_demand,2030,136,20,20,0.025
3261,e_demand,2030,136,21,21,0.025
3262,e_demand,2030,136,22,22,0.025
3263,e_demand,2030,136,23,23,0.025
3264,e_demand,2030,136,24,24,0.025
3265,e_demand,2030,137,1,1,0.025
3266,e_demand,2030,137,2,2,0.025
3267,e_demand,2030,137,3,3,0.025
3268,e_demand,2030,137,4,4,0.025
3269,e_demand,2030,137,5,5,0.025
3270,e_demand,2030,137,6,6,0.025
3271,e_demand,2030,137,7,7,0.025
3272,e_demand,2030,137,8,8,0.025
3273,e_demand,2030,137,9,9,0.025
3274,e_demand,2030,137,10,10,0.025
3275,e_demand,2030,137,11,11,0.025
3276,e_demand,2030,137,12,12,0.025
3277,e_demand,2030,137,13,13,0.025
3278,e_demand,2030,137,14,14,0.025
3279,e_demand,2030,137,15,15,0.025
3280,e_demand,2030,137,16,16,0.025
3281,e_demand,2030,137,17,17,0.025
3282,e_demand,2030,137,18,18,0.025
3283,e_demand,2030,137,19,19,0.025
3284,e_demand,2030,137,20,20,0.025
3285,e_demand,2030,137,21,21,0.025
3286,e_demand,2030,137,22,22,0.025
3287,e_demand,2030,137,23,23,0.025
3288,e_demand,2030,137,24,24,0.025
3289,e_demand,2030,138,1,1,0.025
3290,e_demand,2030,138,2,2,0.025
3291,e_demand,2030,138,3,3,0.025
3292,e_demand,2030,138,4,4,0.025
3293,e_demand,2030,138,5,5,0.025
3294,e_demand,2030,138,6,6,0.025
3295,e_demand,2030,138,7,7,0.025
3296,e_demand,2030,138,8,8,0.025
3297,e_demand,2030,138,9,9,0.025
3298,e_demand,2030,138,10,10,0.025
3299,e_demand,2030,138,11,11,0.025
3300,e_demand,2030,138,12,12,0.025
3301,e_demand,2030,138,13,13,0.025
3302,e_demand,2030,138,14,14,0.025
3303,e_demand,2030,138,15,15,0.025
3304,e_demand,2030,138,16,16,0.025
3305,e_demand,2030,138,17,17,0.025
3306,e_demand,2030,138,18,18,0.025
3307,e_demand,2030,138,19,19,0.025
3308,e_demand,2030,138,20,20,0.035
3309,e_demand,2030,138,21,21,0.035
3310,e_demand,2030,138,22,22,0.035
3311,e_demand,2030,138,23,23,0.025
3312,e_demand,2030,138,24,24,0.025
3313,e_demand,2030,139,1,1,0.18536047899615293
3314,e_demand,2030,139,2,2,0.18536047899615293
3315,e_demand,2030,139,3,3,0.18536047899615293
3316,e_demand,2030,139,4,4,0.18536047899615293
3317,e_demand,2030,139,5,5,0.18536047899615293
3318,e_demand,2030,139,6,6,0.18536047899615293
3319,e_demand,2030,139,7,7,0.18536047899615293
3320,e_demand,2030,139,8,8,0.18536047899615293
3321,e_demand,2030,139,9,9,0.18536047899615293
3322,e_demand,2030,139,10,10,0.18536047899615293
3323,e_demand,2030,139,11,11,0.18536047899615293
3324,e_demand,2030,139,12,12,0.18536047899615293
3325,e_demand,2030,139,13,13,0.18536047899615293
3326,e_demand,2030,139,14,14,0.18536047899615293
3327,e_demand,2030,139,15,15,0.18536047899615293
3328,e_demand,2030,139,16,16,0.18536047899615293
3329,e_demand,2030,139,17,17,0.18536047899615293
3330,e_demand,2030,139,18,18,0.18536047899615293
3331,e_demand,2030,139,19,19,0.18536047899615293
3332,e_demand,2030,139,20,20,0.18536047899615293
3333,e_demand,2030,139,21,21,0.18536047899615293
3334,e_demand,2030,139,22,22,0.18536047899615293
3335,e_demand,2030,139,23,23,0.18536047899615293
3336,e_demand,2030,139,24,24,0.18536047899615293
3337,e_demand,2030,140,1,1,0.1869693003915038
3338,e_demand,2030,140,2,2,0.1869693003915038
3339,e_demand,2030,140,3,3,0.1869693003915038
3340,e_demand,2030,140,4,4,0.1869693003915038
3341,e_demand,2030,140,5,5,0.1869693003915038
3342,e_demand,2030,140,6,6,0.1869693003915038
3343,e_demand,2030,140,7,7,0.1869693003915038
3344,e_demand,2030,140,8,8,0.1869693003915038
3345,e_demand,2030,140,9,9,0.1869693003915038
3346,e_demand,2030,140,10,10,0.1869693003915038
3347,e_demand,2030,140,11,11,0.1869693003915038
3348,e_demand,2030,140,12,12,0.1869693003915038
3349,e_demand,2030,140,13,13,0.1869693003915038
3350,e_demand,2030,140,14,14,0.1869693003915038
3351,e_demand,2030,140,15,15,0.1869693003915038
3352,e_demand,2030,140,16,16,0.1869693003915038
3353,e_demand,2030,140,17,17,0.1869693003915038
3354,e_demand,2030,140,18,18,0.1869693003915038
3355,e_demand,2030,140,19,19,0.1869693003915038
3356,e_demand,2030,140,20,20,0.1869693003915038
3357,e_demand,2030,140,21,21,0.1869693003915038
3358,e_demand,2030,140,22,22,0.1869693003915038
3359,e_demand,2030,140,23,23,0.1869693003915038
3360,e_demand,2030,140,24,24,0.1869693003915038
3361,e_demand,2030,141,1,1,0.04892158993116367
3362,e_demand,2030,141,2,2,0.04892158993116367
3363,e_demand,2030,141,3,3,0.04892158993116367
3364,e_demand,2030,141,4,4,0.04892158993116367
3365,e_demand,2030,141,5,5,0.04892158993116367
3366,e_demand,2030,141,6,6,0.04892158993116367
3367,e_demand,2030,141,7,7,0.04892158993116367
3368,e_demand,2030,141,8,8,0.04892158993116367
3369,e_demand,2030,141,9,9,0.04892158993116367
3370,e_demand,2030,141,10,10,0.04892158993116367
3371,e_demand,2030,141,11,11,0.04892158993116367
3372,e_demand,2030,141,12,12,0.04892158993116367
3373,e_demand,2030,141,13,13,0.04892158993116367
3374,e_demand,2030,141,14,14,0.04892158993116367
3375,e_demand,2030,141,15,15,0.04892158993116367
3376,e_demand,2030,141,16,16,0.04892158993116367
3377,e_demand,2030,141,17,17,0.04892158993116367
3378,e_demand,2030,141,18,18,0.04892158993116367
3379,e_demand,2030,141,19,19,0.04892158993116367
3380,e_demand,2030,141,20,20,0.04892158993116367
3381,e_demand,2030,141,21,21,0.04892158993116367
3382,e_demand,2030,141,22,22,0.04892158993116367
3383,e_demand,2030,141,23,23,0.04892158993116367
3384,e_demand,2030,141,24,24,0.04892158993116367
3385,e_demand,2030,142,1,1,0.047633465064773395
3386,e_demand,2030,142,2,2,0.047633465064773395
3387,e_demand,2030,142,3,3,0.047633465064773395
3388,e_demand,2030,142,4,4,0.047633465064773395
3389,e_demand,2030,142,5,5,0.047633465064773395
3390,e_demand,2030,142,6,6,0.047633465064773395
3391,e_demand,2030,142,7,7,0.047633465064773395
3392,e_demand,2030,142,8,8,0.047633465064773395
3393,e_demand,2030,142,9,9,0.047633465064773395
3394,e_demand,2030,142,10,10,0.047633465064773395
3395,e_demand,2030,142,11,11,0.047633465064773395
3396,e_demand,2030,142,12,12,0.047633465064773395
3397,e_demand,2030,142,13,13,0.047633465064773395
3398,e_demand,2030,142,14,14,0.047633465064773395
3399,e_demand,2030,142,15,15,0.047633465064773395
3400,e_demand,2030,142,16,16,0.047633465064773395
3401,e_demand,2030,142,17,17,0.047633465064773395
3402,e_demand,2030,142,18,18,0.047633465064773395
3403,e_demand,2030,142,19,19,0.047633465064773395
3404,e_demand,2030,142,20,20,0.047633465064773395
3405,e_demand,2030,142,21,21,0.047633465064773395
3406,e_demand,2030,142,22,22,0.047633465064773395
3407,e_demand,2030,142,23,23,0.047633465064773395
3408,e_demand,2030,142,24,24,0.047633465064773395
3409,e_demand,2030,143,1,1,0.0257523843959312
3410,e_demand,2030,143,2,2,0.0257523843959312
3411,e_demand,2030,143,3,3,0.0257523843959312
3412,e_demand,2030,143,4,4,0.0257523843959312
3413,e_demand,2030,143,5,5,0.0257523843959312
3414,e_demand,2030,143,6,6,0.0257523843959312
3415,e_demand,2030,143,7,7,0.0257523843959312
3416,e_demand,2030,143,8,8,0.0257523843959312
3417,e_demand,2030,143,9,9,0.0257523843959312
3418,e_demand,2030,143,10,10,0.0257523843959312
3419,e_demand,2030,143,11,11,0.0257523843959312
3420,e_demand,2030,143,12,12,0.0257523843959312
3421,e_demand,2030,143,13,13,0.0257523843959312
3422,e_demand,2030,143,14,14,0.0257523843959312
3423,e_demand,2030,143,15,15,0.0257523843959312
3424,e_demand,2030,143,16,16,0.0257523843959312
3425,e_demand,2030,143,17,17,0.0257523843959312
3426,e_demand,2030,143,18,18,0.0257523843959312
3427,e_demand,2030,143,19,19,0.0257523843959312
3428,e_demand,2030,143,20,20,0.036053338154303685
3429,e_demand,2030,143,21,21,0.036053338154303685
3430,e_demand,2030,143,22,22,0.0257523843959312
3431,e_demand,2030,143,23,23,0.0257523843959312
3432,e_demand,2030,143,24,24,0.0257523843959312
3433,e_demand,2030,144,1,1,0.09200573362406657
3434,e_demand,2030,144,2,2,0.09200573362406657
3435,e_demand,2030,144,3,3,0.09200573362406657
3436,e_demand,2030,144,4,4,0.09200573362406657
3437,e_demand,2030,144,5,5,0.09200573362406657
3438,e_demand,2030,144,6,6,0.09200573362406657
3439,e_demand,2030,144,7,7,0.09200573362406657
3440,e_demand,2030,144,8,8,0.09200573362406657
3441,e_demand,2030,144,9,9,0.09200573362406657
3442,e_demand,2030,144,10,10,0.09200573362406657
3443,e_demand,2030,144,11,11,0.09200573362406657
3444,e_demand,2030,144,12,12,0.09200573362406657
3445,e_demand,2030,144,13,13,0.09200573362406657
3446,e_demand,2030,144,14,14,0.09200573362406657
3447,e_demand,2030,144,15,15,0.09200573362406657
3448,e_demand,2030,144,16,16,0.09200573362406657
3449,e_demand,2030,144,17,17,0.09200573362406657
3450,e_demand,2030,144,18,18,0.09200573362406657
3451,e_demand,2030,144,19,19,0.09200573362406657
3452,e_demand,2030,144,20,20,0.09200573362406657
3453,e_demand,2030,144,21,21,0.09200573362406657
3454,e_demand,2030,144,22,22,0.09200573362406657
3455,e_demand,2030,144,23,23,0.09200573362406657
3456,e_demand,2030,144,24,24,0.09200573362406657
3457,e_demand,2030,145,1,1,0.08219513154013725
3458,e_demand,2030,145,2,2,0.08219513154013725
3459,e_demand,2030,145,3,3,0.08219513154013725
3460,e_demand,2030,145,4,4,0.08219513154013725
3461,e_demand,2030,145,5,5,0.08219513154013725
3462,e_demand,2030,145,6,6,0.08219513154013725
3463,e_demand,2030,145,7,7,0.08219513154013725
3464,e_demand,2030,145,8,8,0.08219513154013725
3465,e_demand,2030,145,9,9,0.08219513154013725
3466,e_demand,2030,145,10,10,0.08219513154013725
3467,e_demand,2030,145,11,11,0.08219513154013725
3468,e_demand,2030,145,12,12,0.08219513154013725
3469,e_demand,2030,145,13,13,0.08219513154013725
3470,e_demand,2030,145,14,14,0.08219513154013725
3471,e_demand,2030,145,15,15,0.08219513154013725
3472,e_demand,2030,145,16,16,0.08219513154013725
3473,e_demand,2030,145,17,17,0.08219513154013725
3474,e_demand,2030,145,18,18,0.08219513154013725
3475,e_demand,2030,145,19,19,0.08219513154013725
3476,e_demand,2030,145,20,20,0.08219513154013725
3477,e_demand,2030,145,21,21,0.08219513154013725
3478,e_demand,2030,145,22,22,0.08219513154013725
3479,e_demand,2030,145,23,23,0.08219513154013725
3480,e_demand,2030,145,24,24,0.08219513154013725
3481,e_demand,2030,146,1,1,0.0311432021685436
3482,e_demand,2030,146,2,2,0.0311432021685436
3483,e_demand,2030,146,3,3,0.0311432021685436
3484,e_demand,2030,146,4,4,0.0311432021685436
3485,e_demand,2030,146,5,5,0.0311432021685436
3486,e_demand,2030,146,6,6,0.0311432021685436
3487,e_demand,2030,146,7,7,0.0311432021685436
3488,e_demand,2030,146,8,8,0.0311432021685436
3489,e_demand,2030,146,9,9,0.0311432021685436
3490,e_demand,2030,146,10,10,0.0311432021685436
3491,e_demand,2030,146,11,11,0.0311432021685436
3492,e_demand,2030,146,12,12,0.0311432021685436
3493,e_demand,2030,146,13,13,0.0311432021685436
3494,e_demand,2030,146,14,14,0.0311432021685436
3495,e_demand,2030,146,15,15,0.0311432021685436
3496,e_demand,2030,146,16,16,0.0311432021685436
3497,e_demand,2030,146,17,17,0.0311432021685436
3498,e_demand,2030,146,18,18,0.0311432021685436
3499,e_demand,2030,146,19,19,0.0311432021685436
3500,e_demand,2030,146,20,20,0.0311432021685436
3501,e_demand,2030,146,21,21,0.0311432021685436
3502,e_demand,2030,146,22,22,0.0311432021685436
3503,e_demand,2030,146,23,23,0.0311432021685436
3504,e_demand,2030,146,24,24,0.0311432021685436
3505,e_demand,2030,147,1,1,0.039916511253632284
3506,e_demand,2030,147,2,2,0.039916511253632284
3507,e_demand,2030,147,3,3,0.039916511253632284
3508,e_demand,2030,147,4,4,0.039916511253632284
3509,e_demand,2030,147,5,5,0.039916511253632284
3510,e_demand,2030,147,6,6,0.039916511253632284
3511,e_demand,2030,147,7,7,0.039916511253632284
3512,e_demand,2030,147,8,8,0.039916511253632284
3513,e_demand,2030,147,9,9,0.039916511253632284
3514,e_demand,2030,147,10,10,0.039916511253632284
3515,e_demand,2030,147,11,11,0.039916511253632284
3516,e_demand,2030,147,12,12,0.039916511253632284
3517,e_demand,2030,147,13,13,0.039916511253632284
3518,e_demand,2030,147,14,14,0.039916511253632284
3519,e_demand,2030,147,15,15,0.039916511253632284
3520,e_demand,2030,147,16,16,0.039916511253632284
3521,e_demand,2030,147,17,17,0.039916511253632284
3522,e_demand,2030,147,18,18,0.039916511253632284
3523,e_demand,2030,147,19,19,0.039916511253632284
3524,e_demand,2030,147,20,20,0.039916511253632284
3525,e_demand,2030,147,21,21,0.039916511253632284
3526,e_demand,2030,147,22,22,0.039916511253632284
3527,e_demand,2030,147,23,23,0.039916511253632284
3528,e_demand,2030,147,24,24,0.039916511253632284
3529,e_demand,2030,148,1,1,0.025
3530,e_demand,2030,148,2,2,0.025
3531,e_demand,2030,148,3,3,0.025
3532,e_demand,2030,148,4,4,0.025
3533,e_demand,2030,148,5,5,0.025
3534,e_demand,2030,148,6,6,0.025
3535,e_demand,2030,148,7,7,0.025
3536,e_demand,2030,148,8,8,0.025
3537,e_demand,2030,148,9,9,0.025
3538,e_demand,2030,148,10,10,0.025
3539,e_demand,2030,148,11,11,0.025
3540,e_demand,2030,148,12,12,0.025
3541,e_demand,2030,148,13,13,0.025
3542,e_demand,2030,148,14,14,0.025
3543,e_demand,2030,148,15,15,0.025
3544,e_demand,2030,148,16,16,0.025
3545,e_demand,2030,148,17,17,0.025
3546,e_demand,2030,148,18,18,0.025
3547,e_demand,2030,148,19,19,0.025
3548,e_demand,2030,148,20,20,0.025
3549,e_demand,2030,148,21,21,0.025
3550,e_demand,2030,148,22,22,0.025
3551,e_demand,2030,148,23,23,0.025
3552,e_demand,2030,148,24,24,0.025
3553,e_demand,2030,149,1,1,0.22059087155793172
3554,e_demand,2030,149,2,2,0.22059087155793172
3555,e_demand,2030,149,3,3,0.22059087155793172
3556,e_demand,2030,149,4,4,0.22059087155793172
3557,e_demand,2030,149,5,5,0.22059087155793172
3558,e_demand,2030,149,6,6,0.22059087155793172
3559,e_demand,2030,149,7,7,0.22059087155793172
3560,e_demand,2030,149,8,8,0.22059087155793172
3561,e_demand,2030,149,9,9,0.22059087155793172
3562,e_demand,2030,149,10,10,0.22059087155793172
3563,e_demand,2030,149,11,11,0.22059087155793172
3564,e_demand,2030,149,12,12,0.22059087155793172
3565,e_demand,2030,149,13,13,0.22059087155793172
3566,e_demand,2030,149,14,14,0.22059087155793172
3567,e_demand,2030,149,15,15,0.22059087155793172
3568,e_demand,2030,149,16,16,0.22059087155793172
3569,e_demand,2030,149,17,17,0.22059087155793172
3570,e_demand,2030,149,18,18,0.22059087155793172
3571,e_demand,2030,149,19,19,0.22059087155793172
3572,e_demand,2030,149,20,20,0.22059087155793172
3573,e_demand,2030,149,21,21,0.22059087155793172
3574,e_demand,2030,149,22,22,0.22059087155793172
3575,e_demand,2030,149,23,23,0.22059087155793172
3576,e_demand,2030,149,24,24,0.22059087155793172
3577,e_demand,2030,150,1,1,0.046319603344930405
3578,e_demand,2030,150,2,2,0.046319603344930405
3579,e_demand,2030,150,3,3,0.046319603344930405
3580,e_demand,2030,150,4,4,0.046319603344930405
3581,e_demand,2030,150,5,5,0.046319603344930405
3582,e_demand,2030,150,6,6,0.046319603344930405
3583,e_demand,2030,150,7,7,0.046319603344930405
3584,e_demand,2030,150,8,8,0.046319603344930405
3585,e_demand,2030,150,9,9,0.046319603344930405
3586,e_demand,2030,150,10,10,0.046319603344930405
3587,e_demand,2030,150,11,11,0.046319603344930405
3588,e_demand,2030,150,12,12,0.046319603344930405
3589,e_demand,2030,150,13,13,0.046319603344930405
3590,e_demand,2030,150,14,14,0.046319603344930405
3591,e_demand,2030,150,15,15,0.046319603344930405
3592,e_demand,2030,150,16,16,0.046319603344930405
3593,e_demand,2030,150,17,17,0.046319603344930405
3594,e_demand,2030,150,18,18,0.06484744468290257
3595,e_demand,2030,150,19,19,0.06484744468290257
3596,e_demand,2030,150,20,20,0.06484744468290257
3597,e_demand,2030,150,21,21,0.06484744468290257
3598,e_demand,2030,150,22,22,0.06484744468290257
3599,e_demand,2030,150,23,23,0.046319603344930405
3600,e_demand,2030,150,24,24,0.046319603344930405
3601,e_demand,2030,151,1,1,0.04709118360082459
3602,e_demand,2030,151,2,2,0.04709118360082459
3603,e_demand,2030,151,3,3,0.04709118360082459
3604,e_demand,2030,151,4,4,0.04709118360082459
3605,e_demand,2030,151,5,5,0.04709118360082459
3606,e_demand,2030,151,6,6,0.04709118360082459
3607,e_demand,2030,151,7,7,0.04709118360082459
3608,e_demand,2030,151,8,8,0.04709118360082459
3609,e_demand,2030,151,9,9,0.04709118360082459
3610,e_demand,2030,151,10,10,0.04709118360082459
3611,e_demand,2030,151,11,11,0.04709118360082459
3612,e_demand,2030,151,12,12,0.04709118360082459
3613,e_demand,2030,151,13,13,0.04709118360082459
3614,e_demand,2030,151,14,14,0.04709118360082459
3615,e_demand,2030,151,15,15,0.04709118360082459
3616,e_demand,2030,151,16,16,0.04709118360082459
3617,e_demand,2030,151,17,17,0.04709118360082459
3618,e_demand,2030,151,18,18,0.04709118360082459
3619,e_demand,2030,151,19,19,0.04709118360082459
3620,e_demand,2030,151,20,20,0.04709118360082459
3621,e_demand,2030,151,21,21,0.04709118360082459
3622,e_demand,2030,151,22,22,0.04709118360082459
3623,e_demand,2030,151,23,23,0.04709118360082459
3624,e_demand,2030,151,24,24,0.04709118360082459
3625,e_demand,2030,152,1,1,0.07784045617309106
3626,e_demand,2030,152,2,2,0.07784045617309106
3627,e_demand,2030,152,3,3,0.07784045617309106
3628,e_demand,2030,152,4,4,0.07784045617309106
3629,e_demand,2030,152,5,5,0.07784045617309106
3630,e_demand,2030,152,6,6,0.07784045617309106
3631,e_demand,2030,152,7,7,0.07784045617309106
3632,e_demand,2030,152,8,8,0.07784045617309106
3633,e_demand,2030,152,9,9,0.07784045617309106
3634,e_demand,2030,152,10,10,0.07784045617309106
3635,e_demand,2030,152,11,11,0.07784045617309106
3636,e_demand,2030,152,12,12,0.07784045617309106
3637,e_demand,2030,152,13,13,0.07784045617309106
3638,e_demand,2030,152,14,14,0.07784045617309106
3639,e_demand,2030,152,15,15,0.07784045617309106
3640,e_demand,2030,152,16,16,0.07784045617309106
3641,e_demand,2030,152,17,17,0.07784045617309106
3642,e_demand,2030,152,18,18,0.07784045617309106
3643,e_demand,2030,152,19,19,0.07784045617309106
3644,e_demand,2030,152,20,20,0.07784045617309106
3645,e_demand,2030,152,21,21,0.07784045617309106
3646,e_demand,2030,152,22,22,0.07784045617309106
3647,e_demand,2030,152,23,23,0.07784045617309106
3648,e_demand,2030,152,24,24,0.07784045617309106
3649,e_demand,2030,153,1,1,0.06116253089503562
3650,e_demand,2030,153,2,2,0.06116253089503562
3651,e_demand,2030,153,3,3,0.06116253089503562
3652,e_demand,2030,153,4,4,0.06116253089503562
3653,e_demand,2030,153,5,5,0.06116253089503562
3654,e_demand,2030,153,6,6,0.06116253089503562
3655,e_demand,2030,153,7,7,0.06116253089503562
3656,e_demand,2030,153,8,8,0.06116253089503562
3657,e_demand,2030,153,9,9,0.06116253089503562
3658,e_demand,2030,153,10,10,0.06116253089503562
3659,e_demand,2030,153,11,11,0.06116253089503562
3660,e_demand,2030,153,12,12,0.06116253089503562
3661,e_demand,2030,153,13,13,0.06116253089503562
3662,e_demand,2030,153,14,14,0.06116253089503562
3663,e_demand,2030,153,15,15,0.06116253089503562
3664,e_demand,2030,153,16,16,0.06116253089503562
3665,e_demand,2030,153,17,17,0.06116253089503562
3666,e_demand,2030,153,18,18,0.06116253089503562
3667,e_demand,2030,153,19,19,0.06116253089503562
3668,e_demand,2030,153,20,20,0.06116253089503562
3669,e_demand,2030,153,21,21,0.06116253089503562
3670,e_demand,2030,153,22,22,0.06116253089503562
3671,e_demand,2030,153,23,23,0.06116253089503562
3672,e_demand,2030,153,24,24,0.06116253089503562
3673,e_demand,2030,154,1,1,0.0477328926078136
3674,e_demand,2030,154,2,2,0.0477328926078136
3675,e_demand,2030,154,3,3,0.0477328926078136
3676,e_demand,2030,154,4,4,0.0477328926078136
3677,e_demand,2030,154,5,5,0.0477328926078136
3678,e_demand,2030,154,6,6,0.0477328926078136
3679,e_demand,2030,154,7,7,0.0477328926078136
3680,e_demand,2030,154,8,8,0.0477328926078136
3681,e_demand,2030,154,9,9,0.0477328926078136
3682,e_demand,2030,154,10,10,0.0477328926078136
3683,e_demand,2030,154,11,11,0.0477328926078136
3684,e_demand,2030,154,12,12,0.0477328926078136
3685,e_demand,2030,154,13,13,0.0477328926078136
3686,e_demand,2030,154,14,14,0.0477328926078136
3687,e_demand,2030,154,15,15,0.0477328926078136
3688,e_demand,2030,154,16,16,0.0477328926078136
3689,e_demand,2030,154,17,17,0.0477328926078136
3690,e_demand,2030,154,18,18,0.0477328926078136
3691,e_demand,2030,154,19,19,0.0477328926078136
3692,e_demand,2030,154,20,20,0.0477328926078136
3693,e_demand,2030,154,21,21,0.0477328926078136
3694,e_demand,2030,154,22,22,0.0477328926078136
3695,e_demand,2030,154,23,23,0.0477328926078136
3696,e_demand,2030,154,24,24,0.0477328926078136
3697,e_demand,2030,155,1,1,0.07519728504514986
3698,e_demand,2030,155,2,2,0.07519728504514986
3699,e_demand,2030,155,3,3,0.07519728504514986
3700,e_demand,2030,155,4,4,0.07519728504514986
3701,e_demand,2030,155,5,5,0.07519728504514986
3702,e_demand,2030,155,6,6,0.07519728504514986
3703,e_demand,2030,155,7,7,0.07519728504514986
3704,e_demand,2030,155,8,8,0.07519728504514986
3705,e_demand,2030,155,9,9,0.07519728504514986
3706,e_demand,2030,155,10,10,0.07519728504514986
3707,e_demand,2030,155,11,11,0.07519728504514986
3708,e_demand,2030,155,12,12,0.07519728504514986
3709,e_demand,2030,155,13,13,0.07519728504514986
3710,e_demand,2030,155,14,14,0.07519728504514986
3711,e_demand,2030,155,15,15,0.07519728504514986
3712,e_demand,2030,155,16,16,0.07519728504514986
3713,e_demand,2030,155,17,17,0.07519728504514986
3714,e_demand,2030,155,18,18,0.07519728504514986
3715,e_demand,2030,155,19,19,0.07519728504514986
3716,e_demand,2030,155,20,20,0.07519728504514986
3717,e_demand,2030,155,21,21,0.07519728504514986
3718,e_demand,2030,155,22,22,0.07519728504514986
3719,e_demand,2030,155,23,23,0.07519728504514986
3720,e_demand,2030,155,24,24,0.07519728504514986
3721,e_demand,2030,156,1,1,0.025
3722,e_demand,2030,156,2,2,0.025
3723,e_demand,2030,156,3,3,0.025
3724,e_demand,2030,156,4,4,0.025
3725,e_demand,2030,156,5,5,0.025
3726,e_demand,2030,156,6,6,0.025
3727,e_demand,2030,156,7,7,0.025
3728,e_demand,2030,156,8,8,0.025
3729,e_demand,2030,156,9,9,0.025
3730,e_demand,2030,156,10,10,0.025
3731,e_demand,2030,156,11,11,0.025
3732,e_demand,2030,156,12,12,0.025
3733,e_demand,2030,156,13,13,0.025
3734,e_demand,2030,156,14,14,0.025
3735,e_demand,2030,156,15,15,0.025
3736,e_demand,2030,156,16,16,0.025
3737,e_demand,2030,156,17,17,0.025
3738,e_demand,2030,156,18,18,0.025
3739,e_demand,2030,156,19,19,0.025
3740,e_demand,2030,156,20,20,0.025
3741,e_demand,2030,156,21,21,0.025
3742,e_demand,2030,156,22,22,0.025
3743,e_demand,2030,156,23,23,0.025
3744,e_demand,2030,156,24,24,0.025
3745,e_demand,2030,157,1,1,0.06645143620926675
3746,e_demand,2030,157,2,2,0.06645143620926675
3747,e_demand,2030,157,3,3,0.06645143620926675
3748,e_demand,2030,157,4,4,0.06645143620926675
3749,e_demand,2030,157,5,5,0.06645143620926675
3750,e_demand,2030,157,6,6,0.06645143620926675
3751,e_demand,2030,157,7,7,0.06645143620926675
3752,e_demand,2030,157,8,8,0.06645143620926675
3753,e_demand,2030,157,9,9,0.06645143620926675
3754,e_demand,2030,157,10,10,0.06645143620926675
3755,e_demand,2030,157,11,11,0.06645143620926675
3756,e_demand,2030,157,12,12,0.06645143620926675
3757,e_demand,2030,157,13,13,0.06645143620926675
3758,e_demand,2030,157,14,14,0.06645143620926675
3759,e_demand,2030,157,15,15,0.06645143620926675
3760,e_demand,2030,157,16,16,0.06645143620926675
3761,e_demand,2030,157,17,17,0.06645143620926675
3762,e_demand,2030,157,18,18,0.06645143620926675
3763,e_demand,2030,157,19,19,0.06645143620926675
3764,e_demand,2030,157,20,20,0.06645143620926675
3765,e_demand,2030,157,21,21,0.06645143620926675
3766,e_demand,2030,157,22,22,0.06645143620926675
3767,e_demand,2030,157,23,23,0.06645143620926675
3768,e_demand,2030,157,24,24,0.06645143620926675
3769,e_demand,2030,158,1,1,0.44167451744352865
3770,e_demand,2030,158,2,2,0.44167451744352865
3771,e_demand,2030,158,3,3,0.44167451744352865
3772,e_demand,2030,158,4,4,0.44167451744352865
3773,e_demand,2030,158,5,5,0.44167451744352865
3774,e_demand,2030,158,6,6,0.44167451744352865
3775,e_demand,2030,158,7,7,0.44167451744352865
3776,e_demand,2030,158,8,8,0.44167451744352865
3777,e_demand,2030,158,9,9,0.44167451744352865
3778,e_demand,2030,158,10,10,0.44167451744352865
3779,e_demand,2030,158,11,11,0.44167451744352865
3780,e_demand,2030,158,12,12,0.44167451744352865
3781,e_demand,2030,158,13,13,0.44167451744352865
3782,e_demand,2030,158,14,14,0.44167451744352865
3783,e_demand,2030,158,15,15,0.44167451744352865
3784,e_demand,2030,158,16,16,0.44167451744352865
3785,e_demand,2030,158,17,17,0.44167451744352865
3786,e_demand,2030,158,18,18,0.44167451744352865
3787,e_demand,2030,158,19,19,0.44167451744352865
3788,e_demand,2030,158,20,20,0.44167451744352865
3789,e_demand,2030,158,21,21,0.44167451744352865
3790,e_demand,2030,158,22,22,0.44167451744352865
3791,e_demand,2030,158,23,23,0.44167451744352865
3792,e_demand,2030,158,24,24,0.44167451744352865
3793,e_demand,2030,159,1,1,0.026465785588961812
3794,e_demand,2030,159,2,2,0.026465785588961812
3795,e_demand,2030,159,3,3,0.026465785588961812
3796,e_demand,2030,159,4,4,0.026465785588961812
3797,e_demand,2030,159,5,5,0.026465785588961812
3798,e_demand,2030,159,6,6,0.026465785588961812
3799,e_demand,2030,159,7,7,0.026465785588961812
3800,e_demand,2030,159,8,8,0.03705209982454654
3801,e_demand,2030,159,9,9,0.03705209982454654
3802,e_demand,2030,159,10,10,0.026465785588961812
3803,e_demand,2030,159,11,11,0.026465785588961812
3804,e_demand,2030,159,12,12,0.026465785588961812
3805,e_demand,2030,159,13,13,0.026465785588961812
3806,e_demand,2030,159,14,14,0.026465785588961812
3807,e_demand,2030,159,15,15,0.026465785588961812
3808,e_demand,2030,159,16,16,0.026465785588961812
3809,e_demand,2030,159,17,17,0.026465785588961812
3810,e_demand,2030,159,18,18,0.026465785588961812
3811,e_demand,2030,159,19,19,0.03705209982454654
3812,e_demand,2030,159,20,20,0.03705209982454654
3813,e_demand,2030,159,21,21,0.03705209982454654
3814,e_demand,2030,159,22,22,0.03705209982454654
3815,e_demand,2030,159,23,23,0.026465785588961812
3816,e_demand,2030,159,24,24,0.026465785588961812
3817,e_demand,2030,160,1,1,0.02848587259103143
3818,e_demand,2030,160,2,2,0.02848587259103143
3819,e_demand,2030,160,3,3,0.02848587259103143
3820,e_demand,2030,160,4,4,0.02848587259103143
3821,e_demand,2030,160,5,5,0.02848587259103143
3822,e_demand,2030,160,6,6,0.02848587259103143
3823,e_demand,2030,160,7,7,0.02848587259103143
3824,e_demand,2030,160,8,8,0.02848587259103143
3825,e_demand,2030,160,9,9,0.02848587259103143
3826,e_demand,2030,160,10,10,0.02848587259103143
3827,e_demand,2030,160,11,11,0.02848587259103143
3828,e_demand,2030,160,12,12,0.02848587259103143
3829,e_demand,2030,160,13,13,0.02848587259103143
3830,e_demand,2030,160,14,14,0.02848587259103143
3831,e_demand,2030,160,15,15,0.02848587259103143
3832,e_demand,2030,160,16,16,0.02848587259103143
3833,e_demand,2030,160,17,17,0.02848587259103143
3834,e_demand,2030,160,18,18,0.03988022162744401
3835,e_demand,2030,160,19,19,0.03988022162744401
3836,e_demand,2030,160,20,20,0.03988022162744401
3837,e_demand,2030,160,21,21,0.03988022162744401
3838,e_demand,2030,160,22,22,0.02848587259103143
3839,e_demand,2030,160,23,23,0.02848587259103143
3840,e_demand,2030,160,24,24,0.02848587259103143
3841,e_demand,2030,161,1,1,0.027117880872081564
3842,e_demand,2030,161,2,2,0.027117880872081564
3843,e_demand,2030,161,3,3,0.027117880872081564
3844,e_demand,2030,161,4,4,0.027117880872081564
3845,e_demand,2030,161,5,5,0.027117880872081564
3846,e_demand,2030,161,6,6,0.027117880872081564
3847,e_demand,2030,161,7,7,0.027117880872081564
3848,e_demand,2030,161,8,8,0.027117880872081564
3849,e_demand,2030,161,9,9,0.027117880872081564
3850,e_demand,2030,161,10,10,0.027117880872081564
3851,e_demand,2030,161,11,11,0.027117880872081564
3852,e_demand,2030,161,12,12,0.027117880872081564
3853,e_demand,2030,161,13,13,0.027117880872081564
3854,e_demand,2030,161,14,14,0.027117880872081564
3855,e_demand,2030,161,15,15,0.027117880872081564
3856,e_demand,2030,161,16,16,0.027117880872081564
3857,e_demand,2030,161,17,17,0.027117880872081564
3858,e_demand,2030,161,18,18,0.027117880872081564
3859,e_demand,2030,161,19,19,0.027117880872081564
3860,e_demand,2030,161,20,20,0.027117880872081564
3861,e_demand,2030,161,21,21,0.027117880872081564
3862,e_demand,2030,161,22,22,0.027117880872081564
3863,e_demand,2030,161,23,23,0.027117880872081564
3864,e_demand,2030,161,24,24,0.027117880872081564
3865,e_demand,2030,162,1,1,0.025
3866,e_demand,2030,162,2,2,0.025
3867,e_demand,2030,162,3,3,0.025
3868,e_demand,2030,162,4,4,0.025
3869,e_demand,2030,162,5,5,0.025
3870,e_demand,2030,162,6,6,0.025
3871,e_demand,2030,162,7,7,0.025
3872,e_demand,2030,162,8,8,0.025
3873,e_demand,2030,162,9,9,0.025
3874,e_demand,2030,162,10,10,0.025
3875,e_demand,2030,162,11,11,0.025
3876,e_demand,2030,162,12,12,0.025
3877,e_demand,2030,162,13,13,0.025
3878,e_demand,2030,162,14,14,0.025
3879,e_demand,2030,162,15,15,0.025
3880,e_demand,2030,162,16,16,0.025
3881,e_demand,2030,162,17,17,0.025
3882,e_demand,2030,162,18,18,0.025
3883,e_demand,2030,162,19,19,0.025
3884,e_demand,2030,162,20,20,0.025
3885,e_demand,2030,162,21,21,0.025
3886,e_demand,2030,162,22,22,0.025
3887,e_demand,2030,162,23,23,0.025
3888,e_demand,2030,162,24,24,0.025
3889,e_demand,2030,163,1,1,0.027729019972364155
3890,e_demand,2030,163,2,2,0.027729019972364155
3891,e_demand,2030,163,3,3,0.027729019972364155
3892,e_demand,2030,163,4,4,0.027729019972364155
3893,e_demand,2030,163,5,5,0.027729019972364155
3894,e_demand,2030,163,6,6,0.027729019972364155
3895,e_demand,2030,163,7,7,0.027729019972364155
3896,e_demand,2030,163,8,8,0.027729019972364155
3897,e_demand,2030,163,9,9,0.027729019972364155
3898,e_demand,2030,163,10,10,0.027729019972364155
3899,e_demand,2030,163,11,11,0.027729019972364155
3900,e_demand,2030,163,12,12,0.027729019972364155
3901,e_demand,2030,163,13,13,0.027729019972364155
3902,e_demand,2030,163,14,14,0.027729019972364155
3903,e_demand,2030,163,15,15,0.027729019972364155
3904,e_demand,2030,163,16,16,0.027729019972364155
3905,e_demand,2030,163,17,17,0.027729019972364155
3906,e_demand,2030,163,18,18,0.027729019972364155
3907,e_demand,2030,163,19,19,0.027729019972364155
3908,e_demand,2030,163,20,20,0.027729019972364155
3909,e_demand,2030,163,21,21,0.027729019972364155
3910,e_demand,2030,163,22,22,0.027729019972364155
3911,e_demand,2030,163,23,23,0.027729019972364155
3912,e_demand,2030,163,24,24,0.027729019972364155
3913,e_demand,2030,164,1,1,0.025
3914,e_demand,2030,164,2,2,0.025
3915,e_demand,2030,164,3,3,0.025
3916,e_demand,2030,164,4,4,0.025
3917,e_demand,2030,164,5,5,0.025
3918,e_demand,2030,164,6,6,0.025
3919,e_demand,2030,164,7,7,0.025
3920,e_demand,2030,164,8,8,0.025
3921,e_demand,2030,164,9,9,0.025
3922,e_demand,2030,164,10,10,0.025
3923,e_demand,2030,164,11,11,0.025
3924,e_demand,2030,164,12,12,0.025
3925,e_demand,2030,164,13,13,0.025
3926,e_demand,2030,164,14,14,0.025
3927,e_demand,2030,164,15,15,0.025
3928,e_demand,2030,164,16,16,0.025
3929,e_demand,2030,164,17,17,0.025
3930,e_demand,2030,164,18,18,0.025
3931,e_demand,2030,164,19,19,0.025
3932,e_demand,2030,164,20,20,0.025
3933,e_demand,2030,164,21,21,0.025
3934,e_demand,2030,164,22,22,0.025
3935,e_demand,2030,164,23,23,0.025
3936,e_demand,2030,164,24,24,0.025
3937,e_demand,2030,165,1,1,0.20243205737037348
3938,e_demand,2030,165,2,2,0.20243205737037348
3939,e_demand,2030,165,3,3,0.20243205737037348
3940,e_demand,2030,165,4,4,0.20243205737037348
3941,e_demand,2030,165,5,5,0.20243205737037348
3942,e_demand,2030,165,6,6,0.20243205737037348
3943,e_demand,2030,165,7,7,0.20243205737037348
3944,e_demand,2030,165,8,8,0.20243205737037348
3945,e_demand,2030,165,9,9,0.20243205737037348
3946,e_demand,2030,165,10,10,0.20243205737037348
3947,e_demand,2030,165,11,11,0.20243205737037348
3948,e_demand,2030,165,12,12,0.20243205737037348
3949,e_demand,2030,165,13,13,0.20243205737037348
3950,e_demand,2030,165,14,14,0.20243205737037348
3951,e_demand,2030,165,15,15,0.20243205737037348
3952,e_demand,2030,165,16,16,0.20243205737037348
3953,e_demand,2030,165,17,17,0.20243205737037348
3954,e_demand,2030,165,18,18,0.20243205737037348
3955,e_demand,2030,165,19,19,0.20243205737037348
3956,e_demand,2030,165,20,20,0.20243205737037348
3957,e_demand,2030,165,21,21,0.20243205737037348
3958,e_demand,2030,165,22,22,0.20243205737037348
3959,e_demand,2030,165,23,23,0.20243205737037348
3960,e_demand,2030,165,24,24,0.20243205737037348
3961,e_demand,2030,166,1,1,0.025
3962,e_demand,2030,166,2,2,0.025
3963,e_demand,2030,166,3,3,0.025
3964,e_demand,2030,166,4,4,0.025
3965,e_demand,2030,166,5,5,0.025
3966,e_demand,2030,166,6,6,0.025
3967,e_demand,2030,166,7,7,0.035
3968,e_demand,2030,166,8,8,0.025
3969,e_demand,2030,166,9,9,0.025
3970,e_demand,2030,166,10,10,0.025
3971,e_demand,2030,166,11,11,0.025
3972,e_demand,2030,166,12,12,0.025
3973,e_demand,2030,166,13,13,0.025
3974,e_demand,2030,166,14,14,0.025
3975,e_demand,2030,166,15,15,0.025
3976,e_demand,2030,166,16,16,0.025
3977,e_demand,2030,166,17,17,0.025
3978,e_demand,2030,166,18,18,0.025
3979,e_demand,2030,166,19,19,0.035
3980,e_demand,2030,166,20,20,0.035
3981,e_demand,2030,166,21,21,0.035
3982,e_demand,2030,166,22,22,0.035
3983,e_demand,2030,166,23,23,0.025
3984,e_demand,2030,166,24,24,0.025
3985,e_demand,2030,167,1,1,0.4354534476250894
3986,e_demand,2030,167,2,2,0.4354534476250894
3987,e_demand,2030,167,3,3,0.4354534476250894
3988,e_demand,2030,167,4,4,0.4354534476250894
3989,e_demand,2030,167,5,5,0.4354534476250894
3990,e_demand,2030,167,6,6,0.4354534476250894
3991,e_demand,2030,167,7,7,0.4354534476250894
3992,e_demand,2030,167,8,8,0.4354534476250894
3993,e_demand,2030,167,9,9,0.4354534476250894
3994,e_demand,2030,167,10,10,0.4354534476250894
3995,e_demand,2030,167,11,11,0.4354534476250894
3996,e_demand,2030,167,12,12,0.4354534476250894
3997,e_demand,2030,167,13,13,0.4354534476250894
3998,e_demand,2030,167,14,14,0.4354534476250894
3999,e_demand,2030,167,15,15,0.4354534476250894
4000,e_demand,2030,167,16,16,0.4354534476250894
4001,e_demand,2030,167,17,17,0.4354534476250894
4002,e_demand,2030,167,18,18,0.4354534476250894
4003,e_demand,2030,167,19,19,0.4354534476250894
4004,e_demand,2030,167,20,20,0.4354534476250894
4005,e_demand,2030,167,21,21,0.4354534476250894
4006,e_demand,2030,167,22,22,0.4354534476250894
4007,e_demand,2030,167,23,23,0.4354534476250894
4008,e_demand,2030,167,24,24,0.4354534476250894
4009,e_demand,2030,168,1,1,0.04911564527795716
4010,e_demand,2030,168,2,2,0.04911564527795716
4011,e_demand,2030,168,3,3,0.04911564527795716
4012,e_demand,2030,168,4,4,0.04911564527795716
4013,e_demand,2030,168,5,5,0.04911564527795716
4014,e_demand,2030,168,6,6,0.04911564527795716
4015,e_demand,2030,168,7,7,0.04911564527795716
4016,e_demand,2030,168,8,8,0.04911564527795716
4017,e_demand,2030,168,9,9,0.04911564527795716
4018,e_demand,2030,168,10,10,0.04911564527795716
4019,e_demand,2030,168,11,11,0.04911564527795716
4020,e_demand,2030,168,12,12,0.04911564527795716
4021,e_demand,2030,168,13,13,0.04911564527795716
4022,e_demand,2030,168,14,14,0.04911564527795716
4023,e_demand,2030,168,15,15,0.04911564527795716
4024,e_demand,2030,168,16,16,0.04911564527795716
4025,e_demand,2030,168,17,17,0.04911564527795716
4026,e_demand,2030,168,18,18,0.04911564527795716
4027,e_demand,2030,168,19,19,0.04911564527795716
4028,e_demand,2030,168,20,20,0.04911564527795716
4029,e_demand,2030,168,21,21,0.04911564527795716
4030,e_demand,2030,168,22,22,0.04911564527795716
4031,e_demand,2030,168,23,23,0.04911564527795716
4032,e_demand,2030,168,24,24,0.04911564527795716
4033,e_demand,2030,169,1,1,0.04129642446332722
4034,e_demand,2030,169,2,2,0.04129642446332722
4035,e_demand,2030,169,3,3,0.04129642446332722
4036,e_demand,2030,169,4,4,0.04129642446332722
4037,e_demand,2030,169,5,5,0.04129642446332722
4038,e_demand,2030,169,6,6,0.04129642446332722
4039,e_demand,2030,169,7,7,0.04129642446332722
4040,e_demand,2030,169,8,8,0.04129642446332722
4041,e_demand,2030,169,9,9,0.04129642446332722
4042,e_demand,2030,169,10,10,0.04129642446332722
4043,e_demand,2030,169,11,11,0.04129642446332722
4044,e_demand,2030,169,12,12,0.04129642446332722
4045,e_demand,2030,169,13,13,0.04129642446332722
4046,e_demand,2030,169,14,14,0.04129642446332722
4047,e_demand,2030,169,15,15,0.04129642446332722
4048,e_demand,2030,169,16,16,0.04129642446332722
4049,e_demand,2030,169,17,17,0.04129642446332722
4050,e_demand,2030,169,18,18,0.04129642446332722
4051,e_demand,2030,169,19,19,0.04129642446332722
4052,e_demand,2030,169,20,20,0.04129642446332722
4053,e_demand,2030,169,21,21,0.04129642446332722
4054,e_demand,2030,169,22,22,0.04129642446332722
4055,e_demand,2030,169,23,23,0.04129642446332722
4056,e_demand,2030,169,24,24,0.04129642446332722
4057,e_demand,2030,170,1,1,0.030233413089129454
4058,e_demand,2030,170,2,2,0.030233413089129454
4059,e_demand,2030,170,3,3,0.030233413089129454
4060,e_demand,2030,170,4,4,0.030233413089129454
4061,e_demand,2030,170,5,5,0.030233413089129454
4062,e_demand,2030,170,6,6,0.030233413089129454
4063,e_demand,2030,170,7,7,0.030233413089129454
4064,e_demand,2030,170,8,8,0.030233413089129454
4065,e_demand,2030,170,9,9,0.030233413089129454
4066,e_demand,2030,170,10,10,0.030233413089129454
4067,e_demand,2030,170,11,11,0.030233413089129454
4068,e_demand,2030,170,12,12,0.030233413089129454
4069,e_demand,2030,170,13,13,0.030233413089129454
4070,e_demand,2030,170,14,14,0.030233413089129454
4071,e_demand,2030,170,15,15,0.030233413089129454
4072,e_demand,2030,170,16,16,0.030233413089129454
4073,e_demand,2030,170,17,17,0.04232677832478124
4074,e_demand,2030,170,18,18,0.04232677832478124
4075,e_demand,2030,170,19,19,0.04232677832478124
4076,e_demand,2030,170,20,20,0.04232677832478124
4077,e_demand,2030,170,21,21,0.04232677832478124
4078,e_demand,2030,170,22,22,0.04232677832478124
4079,e_demand,2030,170,23,23,0.04232677832478124
4080,e_demand,2030,170,24,24,0.030233413089129454
4081,e_demand,2030,171,1,1,0.31969237062283956
4082,e_demand,2030,171,2,2,0.31969237062283956
4083,e_demand,2030,171,3,3,0.31969237062283956
4084,e_demand,2030,171,4,4,0.31969237062283956
4085,e_demand,2030,171,5,5,0.31969237062283956
4086,e_demand,2030,171,6,6,0.31969237062283956
4087,e_demand,2030,171,7,7,0.31969237062283956
4088,e_demand,2030,171,8,8,0.31969237062283956
4089,e_demand,2030,171,9,9,0.31969237062283956
4090,e_demand,2030,171,10,10,0.31969237062283956
4091,e_demand,2030,171,11,11,0.31969237062283956
4092,e_demand,2030,171,12,12,0.31969237062283956
4093,e_demand,2030,171,13,13,0.31969237062283956
4094,e_demand,2030,171,14,14,0.31969237062283956
4095,e_demand,2030,171,15,15,0.31969237062283956
4096,e_demand,2030,171,16,16,0.31969237062283956
4097,e_demand,2030,171,17,17,0.31969237062283956
4098,e_demand,2030,171,18,18,0.31969237062283956
4099,e_demand,2030,171,19,19,0.31969237062283956
4100,e_demand,2030,171,20,20,0.31969237062283956
4101,e_demand,2030,171,21,21,0.31969237062283956
4102,e_demand,2030,171,22,22,0.31969237062283956
4103,e_demand,2030,171,23,23,0.31969237062283956
4104,e_demand,2030,171,24,24,0.31969237062283956
4105,e_demand,2030,172,1,1,0.07301757386054583
4106,e_demand,2030,172,2,2,0.07301757386054583
4107,e_demand,2030,172,3,3,0.07301757386054583
4108,e_demand,2030,172,4,4,0.07301757386054583
4109,e_demand,2030,172,5,5,0.07301757386054583
4110,e_demand,2030,172,6,6,0.07301757386054583
4111,e_demand,2030,172,7,7,0.07301757386054583
4112,e_demand,2030,172,8,8,0.07301757386054583
4113,e_demand,2030,172,9,9,0.07301757386054583
4114,e_demand,2030,172,10,10,0.07301757386054583
4115,e_demand,2030,172,11,11,0.07301757386054583
4116,e_demand,2030,172,12,12,0.07301757386054583
4117,e_demand,2030,172,13,13,0.07301757386054583
4118,e_demand,2030,172,14,14,0.07301757386054583
4119,e_demand,2030,172,15,15,0.07301757386054583
4120,e_demand,2030,172,16,16,0.07301757386054583
4121,e_demand,2030,172,17,17,0.07301757386054583
4122,e_demand,2030,172,18,18,0.07301757386054583
4123,e_demand,2030,172,19,19,0.07301757386054583
4124,e_demand,2030,172,20,20,0.07301757386054583
4125,e_demand,2030,172,21,21,0.07301757386054583
4126,e_demand,2030,172,22,22,0.07301757386054583
4127,e_demand,2030,172,23,23,0.07301757386054583
4128,e_demand,2030,172,24,24,0.07301757386054583
4129,e_demand,2030,173,1,1,0.04697004950703676
4130,e_demand,2030,173,2,2,0.04697004950703676
4131,e_demand,2030,173,3,3,0.04697004950703676
4132,e_demand,2030,173,4,4,0.04697004950703676
4133,e_demand,2030,173,5,5,0.04697004950703676
4134,e_demand,2030,173,6,6,0.04697004950703676
4135,e_demand,2030,173,7,7,0.04697004950703676
4136,e_demand,2030,173,8,8,0.04697004950703676
4137,e_demand,2030,173,9,9,0.04697004950703676
4138,e_demand,2030,173,10,10,0.04697004950703676
4139,e_demand,2030,173,11,11,0.04697004950703676
4140,e_demand,2030,173,12,12,0.04697004950703676
4141,e_demand,2030,173,13,13,0.04697004950703676
4142,e_demand,2030,173,14,14,0.04697004950703676
4143,e_demand,2030,173,15,15,0.04697004950703676
4144,e_demand,2030,173,16,16,0.04697004950703676
4145,e_demand,2030,173,17,17,0.04697004950703676
4146,e_demand,2030,173,18,18,0.04697004950703676
4147,e_demand,2030,173,19,19,0.04697004950703676
4148,e_demand,2030,173,20,20,0.04697004950703676
4149,e_demand,2030,173,21,21,0.04697004950703676
4150,e_demand,2030,173,22,22,0.04697004950703676
4151,e_demand,2030,173,23,23,0.04697004950703676
4152,e_demand,2030,173,24,24,0.04697004950703676
4153,e_demand,2030,174,1,1,0.025
4154,e_demand,2030,174,2,2,0.025
4155,e_demand,2030,174,3,3,0.025
4156,e_demand,2030,174,4,4,0.025
4157,e_demand,2030,174,5,5,0.025
4158,e_demand,2030,174,6,6,0.025
4159,e_demand,2030,174,7,7,0.025
4160,e_demand,2030,174,8,8,0.025
4161,e_demand,2030,174,9,9,0.025
4162,e_demand,2030,174,10,10,0.025
4163,e_demand,2030,174,11,11,0.025
4164,e_demand,2030,174,12,12,0.025
4165,e_demand,2030,174,13,13,0.025
4166,e_demand,2030,174,14,14,0.025
4167,e_demand,2030,174,15,15,0.025
4168,e_demand,2030,174,16,16,0.025
4169,e_demand,2030,174,17,17,0.025
4170,e_demand,2030,174,18,18,0.025
4171,e_demand,2030,174,19,19,0.025
4172,e_demand,2030,174,20,20,0.025
4173,e_demand,2030,174,21,21,0.025
4174,e_demand,2030,174,22,22,0.025
4175,e_demand,2030,174,23,23,0.025
4176,e_demand,2030,174,24,24,0.025
4177,e_demand,2030,175,1,1,0.025
4178,e_demand,2030,175,2,2,0.025
4179,e_demand,2030,175,3,3,0.025
4180,e_demand,2030,175,4,4,0.025
4181,e_demand,2030,175,5,5,0.025
4182,e_demand,2030,175,6,6,0.025
4183,e_demand,2030,175,7,7,0.025
4184,e_demand,2030,175,8,8,0.025
4185,e_demand,2030,175,9,9,0.025
4186,e_demand,2030,175,10,10,0.025
4187,e_demand,2030,175,11,11,0.025
4188,e_demand,2030,175,12,12,0.025
4189,e_demand,2030,175,13,13,0.025
4190,e_demand,2030,175,14,14,0.025
4191,e_demand,2030,175,15,15,0.025
4192,e_demand,2030,175,16,16,0.025
4193,e_demand,2030,175,17,17,0.025
4194,e_demand,2030,175,18,18,0.025
4195,e_demand,2030,175,19,19,0.025
4196,e_demand,2030,175,20,20,0.025
4197,e_demand,2030,175,21,21,0.025
4198,e_demand,2030,175,22,22,0.025
4199,e_demand,2030,175,23,23,0.025
4200,e_demand,2030,175,24,24,0.025
4201,e_demand,2030,176,1,1,0.05560850939717446
4202,e_demand,2030,176,2,2,0.05560850939717446
4203,e_demand,2030,176,3,3,0.05560850939717446
4204,e_demand,2030,176,4,4,0.05560850939717446
4205,e_demand,2030,176,5,5,0.05560850939717446
4206,e_demand,2030,176,6,6,0.05560850939717446
4207,e_demand,2030,176,7,7,0.05560850939717446
4208,e_demand,2030,176,8,8,0.05560850939717446
4209,e_demand,2030,176,9,9,0.05560850939717446
4210,e_demand,2030,176,10,10,0.05560850939717446
4211,e_demand,2030,176,11,11,0.05560850939717446
4212,e_demand,2030,176,12,12,0.05560850939717446
4213,e_demand,2030,176,13,13,0.05560850939717446
4214,e_demand,2030,176,14,14,0.05560850939717446
4215,e_demand,2030,176,15,15,0.05560850939717446
4216,e_demand,2030,176,16,16,0.05560850939717446
4217,e_demand,2030,176,17,17,0.05560850939717446
4218,e_demand,2030,176,18,18,0.07785191315604424
4219,e_demand,2030,176,19,19,0.07785191315604424
4220,e_demand,2030,176,20,20,0.07785191315604424
4221,e_demand,2030,176,21,21,0.07785191315604424
4222,e_demand,2030,176,22,22,0.07785191315604424
4223,e_demand,2030,176,23,23,0.07785191315604424
4224,e_demand,2030,176,24,24,0.05560850939717446
4225,e_demand,2030,177,1,1,0.031177420434018985
4226,e_demand,2030,177,2,2,0.031177420434018985
4227,e_demand,2030,177,3,3,0.031177420434018985
4228,e_demand,2030,177,4,4,0.031177420434018985
4229,e_demand,2030,177,5,5,0.031177420434018985
4230,e_demand,2030,177,6,6,0.031177420434018985
4231,e_demand,2030,177,7,7,0.031177420434018985
4232,e_demand,2030,177,8,8,0.031177420434018985
4233,e_demand,2030,177,9,9,0.031177420434018985
4234,e_demand,2030,177,10,10,0.031177420434018985
4235,e_demand,2030,177,11,11,0.031177420434018985
4236,e_demand,2030,177,12,12,0.031177420434018985
4237,e_demand,2030,177,13,13,0.031177420434018985
4238,e_demand,2030,177,14,14,0.031177420434018985
4239,e_demand,2030,177,15,15,0.031177420434018985
4240,e_demand,2030,177,16,16,0.031177420434018985
4241,e_demand,2030,177,17,17,0.031177420434018985
4242,e_demand,2030,177,18,18,0.031177420434018985
4243,e_demand,2030,177,19,19,0.031177420434018985
4244,e_demand,2030,177,20,20,0.031177420434018985
4245,e_demand,2030,177,21,21,0.031177420434018985
4246,e_demand,2030,177,22,22,0.031177420434018985
4247,e_demand,2030,177,23,23,0.031177420434018985
4248,e_demand,2030,177,24,24,0.031177420434018985
4249,e_demand,2030,178,1,1,0.04991807756407649
4250,e_demand,2030,178,2,2,0.04991807756407649
4251,e_demand,2030,178,3,3,0.04991807756407649
4252,e_demand,2030,178,4,4,0.04991807756407649
4253,e_demand,2030,178,5,5,0.04991807756407649
4254,e_demand,2030,178,6,6,0.04991807756407649
4255,e_demand,2030,178,7,7,0.04991807756407649
4256,e_demand,2030,178,8,8,0.04991807756407649
4257,e_demand,2030,178,9,9,0.04991807756407649
4258,e_demand,2030,178,10,10,0.04991807756407649
4259,e_demand,2030,178,11,11,0.04991807756407649
4260,e_demand,2030,178,12,12,0.04991807756407649
4261,e_demand,2030,178,13,13,0.04991807756407649
4262,e_demand,2030,178,14,14,0.04991807756407649
4263,e_demand,2030,178,15,15,0.04991807756407649
4264,e_demand,2030,178,16,16,0.04991807756407649
4265,e_demand,2030,178,17,17,0.04991807756407649
4266,e_demand,2030,178,18,18,0.04991807756407649
4267,e_demand,2030,178,19,19,0.04991807756407649
4268,e_demand,2030,178,20,20,0.04991807756407649
4269,e_demand,2030,178,21,21,0.04991807756407649
4270,e_demand,2030,178,22,22,0.04991807756407649
4271,e_demand,2030,178,23,23,0.04991807756407649
4272,e_demand,2030,178,24,24,0.04991807756407649
4273,e_demand,2030,179,1,1,0.1139968251722478
4274,e_demand,2030,179,2,2,0.1139968251722478
4275,e_demand,2030,179,3,3,0.1139968251722478
4276,e_demand,2030,179,4,4,0.1139968251722478
4277,e_demand,2030,179,5,5,0.1139968251722478
4278,e_demand,2030,179,6,6,0.1139968251722478
4279,e_demand,2030,179,7,7,0.1139968251722478
4280,e_demand,2030,179,8,8,0.1139968251722478
4281,e_demand,2030,179,9,9,0.1139968251722478
4282,e_demand,2030,179,10,10,0.1139968251722478
4283,e_demand,2030,179,11,11,0.1139968251722478
4284,e_demand,2030,179,12,12,0.1139968251722478
4285,e_demand,2030,179,13,13,0.1139968251722478
4286,e_demand,2030,179,14,14,0.1139968251722478
4287,e_demand,2030,179,15,15,0.1139968251722478
4288,e_demand,2030,179,16,16,0.1139968251722478
4289,e_demand,2030,179,17,17,0.1139968251722478
4290,e_demand,2030,179,18,18,0.1139968251722478
4291,e_demand,2030,179,19,19,0.1139968251722478
4292,e_demand,2030,179,20,20,0.1139968251722478
4293,e_demand,2030,179,21,21,0.1139968251722478
4294,e_demand,2030,179,22,22,0.1139968251722478
4295,e_demand,2030,179,23,23,0.1139968251722478
4296,e_demand,2030,179,24,24,0.1139968251722478
4297,e_demand,2030,180,1,1,0.07709776054944444
4298,e_demand,2030,180,2,2,0.07709776054944444
4299,e_demand,2030,180,3,3,0.07709776054944444
4300,e_demand,2030,180,4,4,0.07709776054944444
4301,e_demand,2030,180,5,5,0.07709776054944444
4302,e_demand,2030,180,6,6,0.07709776054944444
4303,e_demand,2030,180,7,7,0.07709776054944444
4304,e_demand,2030,180,8,8,0.07709776054944444
4305,e_demand,2030,180,9,9,0.07709776054944444
4306,e_demand,2030,180,10,10,0.07709776054944444
4307,e_demand,2030,180,11,11,0.07709776054944444
4308,e_demand,2030,180,12,12,0.07709776054944444
4309,e_demand,2030,180,13,13,0.07709776054944444
4310,e_demand,2030,180,14,14,0.07709776054944444
4311,e_demand,2030,180,15,15,0.07709776054944444
4312,e_demand,2030,180,16,16,0.07709776054944444
4313,e_demand,2030,180,17,17,0.07709776054944444
4314,e_demand,2030,180,18,18,0.07709776054944444
4315,e_demand,2030,180,19,19,0.07709776054944444
4316,e_demand,2030,180,20,20,0.10793686476922221
4317,e_demand,2030,180,21,21,0.07709776054944444
4318,e_demand,2030,180,22,22,0.07709776054944444
4319,e_demand,2030,180,23,23,0.07709776054944444
4320,e_demand,2030,180,24,24,0.07709776054944444
4321,e_demand,2030,181,1,1,0.025
4322,e_demand,2030,181,2,2,0.025
4323,e_demand,2030,181,3,3,0.025
4324,e_demand,2030,181,4,4,0.025
4325,e_demand,2030,181,5,5,0.025
4326,e_demand,2030,181,6,6,0.025
4327,e_demand,2030,181,7,7,0.025
4328,e_demand,2030,181,8,8,0.025
4329,e_demand,2030,181,9,9,0.025
4330,e_demand,2030,181,10,10,0.025
4331,e_demand,2030,181,11,11,0.025
4332,e_demand,2030,181,12,12,0.025
4333,e_demand,2030,181,13,13,0.025
4334,e_demand,2030,181,14,14,0.025
4335,e_demand,2030,181,15,15,0.025
4336,e_demand,2030,181,16,16,0.025
4337,e_demand,2030,181,17,17,0.025
4338,e_demand,2030,181,18,18,0.025
4339,e_demand,2030,181,19,19,0.025
4340,e_demand,2030,181,20,20,0.035
4341,e_demand,2030,181,21,21,0.035
4342,e_demand,2030,181,22,22,0.035
4343,e_demand,2030,181,23,23,0.025
4344,e_demand,2030,181,24,24,0.025
4345,e_demand,2030,182,1,1,0.025
4346,e_demand,2030,182,2,2,0.025
4347,e_demand,2030,182,3,3,0.025
4348,e_demand,2030,182,4,4,0.025
4349,e_demand,2030,182,5,5,0.025
4350,e_demand,2030,182,6,6,0.025
4351,e_demand,2030,182,7,7,0.025
4352,e_demand,2030,182,8,8,0.025
4353,e_demand,2030,182,9,9,0.025
4354,e_demand,2030,182,10,10,0.025
4355,e_demand,2030,182,11,11,0.025
4356,e_demand,2030,182,12,12,0.025
4357,e_demand,2030,182,13,13,0.025
4358,e_demand,2030,182,14,14,0.025
4359,e_demand,2030,182,15,15,0.025
4360,e_demand,2030,182,16,16,0.025
4361,e_demand,2030,182,17,17,0.025
4362,e_demand,2030,182,18,18,0.025
4363,e_demand,2030,182,19,19,0.025
4364,e_demand,2030,182,20,20,0.035
4365,e_demand,2030,182,21,21,0.025
4366,e_demand,2030,182,22,22,0.025
4367,e_demand,2030,182,23,23,0.025
4368,e_demand,2030,182,24,24,0.025
4369,e_demand,2030,183,1,1,0.025
4370,e_demand,2030,183,2,2,0.025
4371,e_demand,2030,183,3,3,0.025
4372,e_demand,2030,183,4,4,0.025
4373,e_demand,2030,183,5,5,0.025
4374,e_demand,2030,183,6,6,0.025
4375,e_demand,2030,183,7,7,0.025
4376,e_demand,2030,183,8,8,0.025
4377,e_demand,2030,183,9,9,0.025
4378,e_demand,2030,183,10,10,0.025
4379,e_demand,2030,183,11,11,0.025
4380,e_demand,2030,183,12,12,0.025
4381,e_demand,2030,183,13,13,0.025
4382,e_demand,2030,183,14,14,0.025
4383,e_demand,2030,183,15,15,0.025
4384,e_demand,2030,183,16,16,0.025
4385,e_demand,2030,183,17,17,0.025
4386,e_demand,2030,183,18,18,0.025
4387,e_demand,2030,183,19,19,0.025
4388,e_demand,2030,183,20,20,0.035
4389,e_demand,2030,183,21,21,0.035
4390,e_demand,2030,183,22,22,0.035
4391,e_demand,2030,183,23,23,0.025
4392,e_demand,2030,183,24,24,0.025
4393,e_demand,2030,184,1,1,0.025
4394,e_demand,2030,184,2,2,0.025
4395,e_demand,2030,184,3,3,0.025
4396,e_demand,2030,184,4,4,0.025
4397,e_demand,2030,184,5,5,0.025
4398,e_demand,2030,184,6,6,0.025
4399,e_demand,2030,184,7,7,0.025
4400,e_demand,2030,184,8,8,0.025
4401,e_demand,2030,184,9,9,0.025
4402,e_demand,2030,184,10,10,0.025
4403,e_demand,2030,184,11,11,0.025
4404,e_demand,2030,184,12,12,0.025
4405,e_demand,2030,184,13,13,0.025
4406,e_demand,2030,184,14,14,0.025
4407,e_demand,2030,184,15,15,0.025
4408,e_demand,2030,184,16,16,0.025
4409,e_demand,2030,184,17,17,0.025
4410,e_demand,2030,184,18,18,0.025
4411,e_demand,2030,184,19,19,0.025
4412,e_demand,2030,184,20,20,0.035
4413,e_demand,2030,184,21,21,0.035
4414,e_demand,2030,184,22,22,0.035
4415,e_demand,2030,184,23,23,0.025
4416,e_demand,2030,184,24,24,0.025
4417,e_demand,2030,185,1,1,0.025
4418,e_demand,2030,185,2,2,0.025
4419,e_demand,2030,185,3,3,0.025
4420,e_demand,2030,185,4,4,0.025
4421,e_demand,2030,185,5,5,0.025
4422,e_demand,2030,185,6,6,0.025
4423,e_demand,2030,185,7,7,0.025
4424,e_demand,2030,185,8,8,0.025
4425,e_demand,2030,185,9,9,0.025
4426,e_demand,2030,185,10,10,0.025
4427,e_demand,2030,185,11,11,0.025
4428,e_demand,2030,185,12,12,0.025
4429,e_demand,2030,185,13,13,0.025
4430,e_demand,2030,185,14,14,0.025
4431,e_demand,2030,185,15,15,0.025
4432,e_demand,2030,185,16,16,0.025
4433,e_demand,2030,185,17,17,0.025
4434,e_demand,2030,185,18,18,0.035
4435,e_demand,2030,185,19,19,0.035
4436,e_demand,2030,185,20,20,0.035
4437,e_demand,2030,185,21,21,0.035
4438,e_demand,2030,185,22,22,0.025
4439,e_demand,2030,185,23,23,0.025
4440,e_demand,2030,185,24,24,0.025
4441,e_demand,2030,186,1,1,0.025
4442,e_demand,2030,186,2,2,0.025
4443,e_demand,2030,186,3,3,0.025
4444,e_demand,2030,186,4,4,0.025
4445,e_demand,2030,186,5,5,0.025
4446,e_demand,2030,186,6,6,0.025
4447,e_demand,2030,186,7,7,0.035
4448,e_demand,2030,186,8,8,0.025
4449,e_demand,2030,186,9,9,0.025
4450,e_demand,2030,186,10,10,0.025
4451,e_demand,2030,186,11,11,0.025
4452,e_demand,2030,186,12,12,0.025
4453,e_demand,2030,186,13,13,0.025
4454,e_demand,2030,186,14,14,0.025
4455,e_demand,2030,186,15,15,0.025
4456,e_demand,2030,186,16,16,0.025
4457,e_demand,2030,186,17,17,0.025
4458,e_demand,2030,186,18,18,0.025
4459,e_demand,2030,186,19,19,0.025
4460,e_demand,2030,186,20,20,0.025
4461,e_demand,2030,186,21,21,0.025
4462,e_demand,2030,186,22,22,0.025
4463,e_demand,2030,186,23,23,0.025
4464,e_demand,2030,186,24,24,0.025
4465,e_demand,2030,187,1,1,0.025
4466,e_demand,2030,187,2,2,0.025
4467,e_demand,2030,187,3,3,0.025
4468,e_demand,2030,187,4,4,0.025
4469,e_demand,2030,187,5,5,0.025
4470,e_demand,2030,187,6,6,0.025
4471,e_demand,2030,187,7,7,0.025
4472,e_demand,2030,187,8,8,0.025
4473,e_demand,2030,187,9,9,0.025
4474,e_demand,2030,187,10,10,0.025
4475,e_demand,2030,187,11,11,0.025
4476,e_demand,2030,187,12,12,0.025
4477,e_demand,2030,187,13,13,0.025
4478,e_demand,2030,187,14,14,0.025
4479,e_demand,2030,187,15,15,0.025
4480,e_demand,2030,187,16,16,0.025
4481,e_demand,2030,187,17,17,0.025
4482,e_demand,2030,187,18,18,0.025
4483,e_demand,2030,187,19,19,0.025
4484,e_demand,2030,187,20,20,0.035
4485,e_demand,2030,187,21,21,0.035
4486,e_demand,2030,187,22,22,0.025
4487,e_demand,2030,187,23,23,0.025
4488,e_demand,2030,187,24,24,0.025
4489,e_demand,2030,188,1,1,0.025
4490,e_demand,2030,188,2,2,0.025
4491,e_demand,2030,188,3,3,0.025
4492,e_demand,2030,188,4,4,0.025
4493,e_demand,2030,188,5,5,0.025
4494,e_demand,2030,188,6,6,0.025
4495,e_demand,2030,188,7,7,0.025
4496,e_demand,2030,188,8,8,0.025
4497,e_demand,2030,188,9,9,0.025
4498,e_demand,2030,188,10,10,0.025
4499,e_demand,2030,188,11,11,0.025
4500,e_demand,2030,188,12,12,0.025
4501,e_demand,2030,188,13,13,0.025
4502,e_demand,2030,188,14,14,0.025
4503,e_demand,2030,188,15,15,0.025
4504,e_demand,2030,188,16,16,0.025
4505,e_demand,2030,188,17,17,0.025
4506,e_demand,2030,188,18,18,0.025
4507,e_demand,2030,188,19,19,0.025
4508,e_demand,2030,188,20,20,0.025
4509,e_demand,2030,188,21,21,0.025
4510,e_demand,2030,188,22,22,0.025
4511,e_demand,2030,188,23,23,0.025
4512,e_demand,2030,188,24,24,0.025
4513,e_demand,2030,189,1,1,0.025
4514,e_demand,2030,189,2,2,0.025
4515,e_demand,2030,189,3,3,0.025
4516,e_demand,2030,189,4,4,0.025
4517,e_demand,2030,189,5,5,0.025
4518,e_demand,2030,189,6,6,0.025
4519,e_demand,2030,189,7,7,0.025
4520,e_demand,2030,189,8,8,0.025
4521,e_demand,2030,189,9,9,0.025
4522,e_demand,2030,189,10,10,0.025
4523,e_demand,2030,189,11,11,0.025
4524,e_demand,2030,189,12,12,0.025
4525,e_demand,2030,189,13,13,0.025
4526,e_demand,2030,189,14,14,0.025
4527,e_demand,2030,189,15,15,0.025
4528,e_demand,2030,189,16,16,0.025
4529,e_demand,2030,189,17,17,0.025
4530,e_demand,2030,189,18,18,0.025
4531,e_demand,2030,189,19,19,0.025
4532,e_demand,2030,189,20,20,0.025
4533,e_demand,2030,189,21,21,0.025
4534,e_demand,2030,189,22,22,0.025
4535,e_demand,2030,189,23,23,0.025
4536,e_demand,2030,189,24,24,0.025
4537,e_demand,2030,190,1,1,0.025
4538,e_demand,2030,190,2,2,0.025
4539,e_demand,2030,190,3,3,0.025
4540,e_demand,2030,190,4,4,0.025
4541,e_demand,2030,190,5,5,0.025
4542,e_demand,2030,190,6,6,0.025
4543,e_demand,2030,190,7,7,0.025
4544,e_demand,2030,190,8,8,0.025
4545,e_demand,2030,190,9,9,0.025
4546,e_demand,2030,190,10,10,0.025
4547,e_demand,2030,190,11,11,0.025
4548,e_demand,2030,190,12,12,0.025
4549,e_demand,2030,190,13,13,0.025
4550,e_demand,2030,190,14,14,0.025
4551,e_demand,2030,190,15,15,0.025
4552,e_demand,2030,190,16,16,0.025
4553,e_demand,2030,190,17,17,0.025
4554,e_demand,2030,190,18,18,0.025
4555,e_demand,2030,190,19,19,0.025
4556,e_demand,2030,190,20,20,0.025
4557,e_demand,2030,190,21,21,0.025
4558,e_demand,2030,190,22,22,0.025
4559,e_demand,2030,190,23,23,0.025
4560,e_demand,2030,190,24,24,0.025
4561,e_demand,2030,191,1,1,0.025
4562,e_demand,2030,191,2,2,0.025
4563,e_demand,2030,191,3,3,0.025
4564,e_demand,2030,191,4,4,0.025
4565,e_demand,2030,191,5,5,0.025
4566,e_demand,2030,191,6,6,0.025
4567,e_demand,2030,191,7,7,0.025
4568,e_demand,2030,191,8,8,0.025
4569,e_demand,2030,191,9,9,0.025
4570,e_demand,2030,191,10,10,0.025
4571,e_demand,2030,191,11,11,0.025
4572,e_demand,2030,191,12,12,0.025
4573,e_demand,2030,191,13,13,0.025
4574,e_demand,2030,191,14,14,0.025
4575,e_demand,2030,191,15,15,0.025
4576,e_demand,2030,191,16,16,0.025
4577,e_demand,2030,191,17,17,0.025
4578,e_demand,2030,191,18,18,0.025
4579,e_demand,2030,191,19,19,0.025
4580,e_demand,2030,191,20,20,0.025
4581,e_demand,2030,191,21,21,0.025
4582,e_demand,2030,191,22,22,0.025
4583,e_demand,2030,191,23,23,0.025
4584,e_demand,2030,191,24,24,0.025
4585,e_demand,2030,192,1,1,0.025
4586,e_demand,2030,192,2,2,0.025
4587,e_demand,2030,192,3,3,0.025
4588,e_demand,2030,192,4,4,0.025
4589,e_demand,2030,192,5,5,0.025
4590,e_demand,2030,192,6,6,0.025
4591,e_demand,2030,192,7,7,0.025
4592,e_demand,2030,192,8,8,0.025
4593,e_demand,2030,192,9,9,0.025
4594,e_demand,2030,192,10,10,0.025
4595,e_demand,2030,192,11,11,0.025
4596,e_demand,2030,192,12,12,0.025
4597,e_demand,2030,192,13,13,0.025
4598,e_demand,2030,192,14,14,0.025
4599,e_demand,2030,192,15,15,0.025
4600,e_demand,2030,192,16,16,0.025
4601,e_demand,2030,192,17,17,0.025
4602,e_demand,2030,192,18,18,0.025
4603,e_demand,2030,192,19,19,0.025
4604,e_demand,2030,192,20,20,0.035
4605,e_demand,2030,192,21,21,0.025
4606,e_demand,2030,192,22,22,0.025
4607,e_demand,2030,192,23,23,0.025
4608,e_demand,2030,192,24,24,0.025
4609,e_demand,2030,193,1,1,0.025
4610,e_demand,2030,193,2,2,0.025
4611,e_demand,2030,193,3,3,0.025
4612,e_demand,2030,193,4,4,0.025
4613,e_demand,2030,193,5,5,0.025
4614,e_demand,2030,193,6,6,0.025
4615,e_demand,2030,193,7,7,0.025
4616,e_demand,2030,193,8,8,0.025
4617,e_demand,2030,193,9,9,0.025
4618,e_demand,2030,193,10,10,0.025
4619,e_demand,2030,193,11,11,0.025
4620,e_demand,2030,193,12,12,0.025
4621,e_demand,2030,193,13,13,0.025
4622,e_demand,2030,193,14,14,0.025
4623,e_demand,2030,193,15,15,0.025
4624,e_demand,2030,193,16,16,0.025
4625,e_demand,2030,193,17,17,0.025
4626,e_demand,2030,193,18,18,0.025
4627,e_demand,2030,193,19,19,0.025
4628,e_demand,2030,193,20,20,0.025
4629,e_demand,2030,193,21,21,0.025
4630,e_demand,2030,193,22,22,0.025
4631,e_demand,2030,193,23,23,0.025
4632,e_demand,2030,193,24,24,0.025
4633,e_demand,2030,194,1,1,0.025
4634,e_demand,2030,194,2,2,0.025
4635,e_demand,2030,194,3,3,0.025
4636,e_demand,2030,194,4,4,0.025
4637,e_demand,2030,194,5,5,0.025
4638,e_demand,2030,194,6,6,0.025
4639,e_demand,2030,194,7,7,0.025
4640,e_demand,2030,194,8,8,0.025
4641,e_demand,2030,194,9,9,0.025
4642,e_demand,2030,194,10,10,0.025
4643,e_demand,2030,194,11,11,0.025
4644,e_demand,2030,194,12,12,0.025
4645,e_demand,2030,194,13,13,0.025
4646,e_demand,2030,194,14,14,0.025
4647,e_demand,2030,194,15,15,0.025
4648,e_demand,2030,194,16,16,0.025
4649,e_demand,2030,194,17,17,0.025
4650,e_demand,2030,194,18,18,0.025
4651,e_demand,2030,194,19,19,0.025
4652,e_demand,2030,194,20,20,0.025
4653,e_demand,2030,194,21,21,0.025
4654,e_demand,2030,194,22,22,0.025
4655,e_demand,2030,194,23,23,0.025
4656,e_demand,2030,194,24,24,0.025
4657,e_demand,2030,195,1,1,0.025
4658,e_demand,2030,195,2,2,0.025
4659,e_demand,2030,195,3,3,0.025
4660,e_demand,2030,195,4,4,0.025
4661,e_demand,2030,195,5,5,0.025
4662,e_demand,2030,195,6,6,0.025
4663,e_demand,2030,195,7,7,0.025
4664,e_demand,2030,195,8,8,0.025
4665,e_demand,2030,195,9,9,0.025
4666,e_demand,2030,195,10,10,0.025
4667,e_demand,2030,195,11,11,0.025
4668,e_demand,2030,195,12,12,0.025
4669,e_demand,2030,195,13,13,0.025
4670,e_demand,2030,195,14,14,0.025
4671,e_demand,2030,195,15,15,0.025
4672,e_demand,2030,195,16,16,0.025
4673,e_demand,2030,195,17,17,0.025
4674,e_demand,2030,195,18,18,0.025
4675,e_demand,2030,195,19,19,0.025
4676,e_demand,2030,195,20,20,0.025
4677,e_demand,2030,195,21,21,0.025
4678,e_demand,2030,195,22,22,0.025
4679,e_demand,2030,195,23,23,0.025
4680,e_demand,2030,195,24,24,0.025
4681,e_demand,2030,196,1,1,0.025
4682,e_demand,2030,196,2,2,0.025
4683,e_demand,2030,196,3,3,0.025
4684,e_demand,2030,196,4,4,0.025
4685,e_demand,2030,196,5,5,0.025
4686,e_demand,2030,196,6,6,0.025
4687,e_demand,2030,196,7,7,0.025
4688,e_demand,2030,196,8,8,0.025
4689,e_demand,2030,196,9,9,0.025
4690,e_demand,2030,196,10,10,0.025
4691,e_demand,2030,196,11,11,0.025
4692,e_demand,2030,196,12,12,0.025
4693,e_demand,2030,196,13,13,0.025
4694,e_demand,2030,196,14,14,0.025
4695,e_demand,2030,196,15,15,0.025
4696,e_demand,2030,196,16,16,0.025
4697,e_demand,2030,196,17,17,0.025
4698,e_demand,2030,196,18,18,0.025
4699,e_demand,2030,196,19,19,0.025
4700,e_demand,2030,196,20,20,0.025
4701,e_demand,2030,196,21,21,0.025
4702,e_demand,2030,196,22,22,0.025
4703,e_demand,2030,196,23,23,0.025
4704,e_demand,2030,196,24,24,0.025
4705,e_demand,2030,197,1,1,0.025
4706,e_demand,2030,197,2,2,0.025
4707,e_demand,2030,197,3,3,0.025
4708,e_demand,2030,197,4,4,0.025
4709,e_demand,2030,197,5,5,0.025
4710,e_demand,2030,197,6,6,0.025
4711,e_demand,2030,197,7,7,0.025
4712,e_demand,2030,197,8,8,0.025
4713,e_demand,2030,197,9,9,0.025
4714,e_demand,2030,197,10,10,0.025
4715,e_demand,2030,197,11,11,0.025
4716,e_demand,2030,197,12,12,0.025
4717,e_demand,2030,197,13,13,0.025
4718,e_demand,2030,197,14,14,0.025
4719,e_demand,2030,197,15,15,0.025
4720,e_demand,2030,197,16,16,0.025
4721,e_demand,2030,197,17,17,0.025
4722,e_demand,2030,197,18,18,0.025
4723,e_demand,2030,197,19,19,0.025
4724,e_demand,2030,197,20,20,0.035
4725,e_demand,2030,197,21,21,0.025
4726,e_demand,2030,197,22,22,0.025
4727,e_demand,2030,197,23,23,0.025
4728,e_demand,2030,197,24,24,0.025
4729,e_demand,2030,198,1,1,0.025
4730,e_demand,2030,198,2,2,0.025
4731,e_demand,2030,198,3,3,0.025
4732,e_demand,2030,198,4,4,0.025
4733,e_demand,2030,198,5,5,0.025
4734,e_demand,2030,198,6,6,0.025
4735,e_demand,2030,198,7,7,0.025
4736,e_demand,2030,198,8,8,0.025
4737,e_demand,2030,198,9,9,0.025
4738,e_demand,2030,198,10,10,0.025
4739,e_demand,2030,198,11,11,0.025
4740,e_demand,2030,198,12,12,0.025
4741,e_demand,2030,198,13,13,0.025
4742,e_demand,2030,198,14,14,0.025
4743,e_demand,2030,198,15,15,0.025
4744,e_demand,2030,198,16,16,0.025
4745,e_demand,2030,198,17,17,0.025
4746,e_demand,2030,198,18,18,0.025
4747,e_demand,2030,198,19,19,0.025
4748,e_demand,2030,198,20,20,0.035
4749,e_demand,2030,198,21,21,0.025
4750,e_demand,2030,198,22,22,0.025
4751,e_demand,2030,198,23,23,0.025
4752,e_demand,2030,198,24,24,0.025
4753,e_demand,2030,199,1,1,0.025
4754,e_demand,2030,199,2,2,0.025
4755,e_demand,2030,199,3,3,0.025
4756,e_demand,2030,199,4,4,0.025
4757,e_demand,2030,199,5,5,0.025
4758,e_demand,2030,199,6,6,0.025
4759,e_demand,2030,199,7,7,0.025
4760,e_demand,2030,199,8,8,0.025
4761,e_demand,2030,199,9,9,0.025
4762,e_demand,2030,199,10,10,0.025
4763,e_demand,2030,199,11,11,0.001
4764,e_demand,2030,199,12,12,0.001
4765,e_demand,2030,199,13,13,0.001
4766,e_demand,2030,199,14,14,0.001
4767,e_demand,2030,199,15,15,0.025
4768,e_demand,2030,199,16,16,0.025
4769,e_demand,2030,199,17,17,0.025
4770,e_demand,2030,199,18,18,0.025
4771,e_demand,2030,199,19,19,0.025
4772,e_demand,2030,199,20,20,0.025
4773,e_demand,2030,199,21,21,0.025
4774,e_demand,2030,199,22,22,0.025
4775,e_demand,2030,199,23,23,0.025
4776,e_demand,2030,199,24,24,0.025
4777,e_demand,2030,200,1,1,0.025
4778,e_demand,2030,200,2,2,0.025
4779,e_demand,2030,200,3,3,0.025
4780,e_demand,2030,200,4,4,0.025
4781,e_demand,2030,200,5,5,0.025
4782,e_demand,2030,200,6,6,0.025
4783,e_demand,2030,200,7,7,0.025
4784,e_demand,2030,200,8,8,0.025
4785,e_demand,2030,200,9,9,0.025
4786,e_demand,2030,200,10,10,0.025
4787,e_demand,2030,200,11,11,0.025
4788,e_demand,2030,200,12,12,0.025
4789,e_demand,2030,200,13,13,0.025
4790,e_demand,2030,200,14,14,0.025
4791,e_demand,2030,200,15,15,0.025
4792,e_demand,2030,200,16,16,0.025
4793,e_demand,2030,200,17,17,0.025
4794,e_demand,2030,200,18,18,0.025
4795,e_demand,2030,200,19,19,0.025
4796,e_demand,2030,200,20,20,0.025
4797,e_demand,2030,200,21,21,0.025
4798,e_demand,2030,200,22,22,0.025
4799,e_demand,2030,200,23,23,0.025
4800,e_demand,2030,200,24,24,0.025
4801,e_demand,2030,201,1,1,0.025
4802,e_demand,2030,201,2,2,0.025
4803,e_demand,2030,201,3,3,0.025
4804,e_demand,2030,201,4,4,0.025
4805,e_demand,2030,201,5,5,0.025
4806,e_demand,2030,201,6,6,0.025
4807,e_demand,2030,201,7,7,0.025
4808,e_demand,2030,201,8,8,0.025
4809,e_demand,2030,201,9,9,0.025
4810,e_demand,2030,201,10,10,0.025
4811,e_demand,2030,201,11,11,0.025
4812,e_demand,2030,201,12,12,0.025
4813,e_demand,2030,201,13,13,0.025
4814,e_demand,2030,201,14,14,0.025
4815,e_demand,2030,201,15,15,0.025
4816,e_demand,2030,201,16,16,0.025
4817,e_demand,2030,201,17,17,0.025
4818,e_demand,2030,201,18,18,0.025
4819,e_demand,2030,201,19,19,0.025
4820,e_demand,2030,201,20,20,0.025
4821,e_demand,2030,201,21,21,0.025
4822,e_demand,2030,201,22,22,0.025
4823,e_demand,2030,201,23,23,0.025
4824,e_demand,2030,201,24,24,0.025
4825,e_demand,2030,202,1,1,0.025
4826,e_demand,2030,202,2,2,0.025
4827,e_demand,2030,202,3,3,0.025
4828,e_demand,2030,202,4,4,0.025
4829,e_demand,2030,202,5,5,0.025
4830,e_demand,2030,202,6,6,0.025
4831,e_demand,2030,202,7,7,0.025
4832,e_demand,2030,202,8,8,0.025
4833,e_demand,2030,202,9,9,0.025
4834,e_demand,2030,202,10,10,0.025
4835,e_demand,2030,202,11,11,0.025
4836,e_demand,2030,202,12,12,0.025
4837,e_demand,2030,202,13,13,0.025
4838,e_demand,2030,202,14,14,0.025
4839,e_demand,2030,202,15,15,0.025
4840,e_demand,2030,202,16,16,0.025
4841,e_demand,2030,202,17,17,0.025
4842,e_demand,2030,202,18,18,0.025
4843,e_demand,2030,202,19,19,0.025
4844,e_demand,2030,202,20,20,0.025
4845,e_demand,2030,202,21,21,0.025
4846,e_demand,2030,202,22,22,0.025
4847,e_demand,2030,202,23,23,0.025
4848,e_demand,2030,202,24,24,0.025
4849,e_demand,2030,203,1,1,0.04331272362183273
4850,e_demand,2030,203,2,2,0.04331272362183273
4851,e_demand,2030,203,3,3,0.04331272362183273
4852,e_demand,2030,203,4,4,0.04331272362183273
4853,e_demand,2030,203,5,5,0.04331272362183273
4854,e_demand,2030,203,6,6,0.04331272362183273
4855,e_demand,2030,203,7,7,0.04331272362183273
4856,e_demand,2030,203,8,8,0.04331272362183273
4857,e_demand,2030,203,9,9,0.04331272362183273
4858,e_demand,2030,203,10,10,0.04331272362183273
4859,e_demand,2030,203,11,11,0.04331272362183273
4860,e_demand,2030,203,12,12,0.04331272362183273
4861,e_demand,2030,203,13,13,0.04331272362183273
4862,e_demand,2030,203,14,14,0.0017325089448733092
4863,e_demand,2030,203,15,15,0.0017325089448733092
4864,e_demand,2030,203,16,16,0.04331272362183273
4865,e_demand,2030,203,17,17,0.04331272362183273
4866,e_demand,2030,203,18,18,0.04331272362183273
4867,e_demand,2030,203,19,19,0.04331272362183273
4868,e_demand,2030,203,20,20,0.04331272362183273
4869,e_demand,2030,203,21,21,0.04331272362183273
4870,e_demand,2030,203,22,22,0.04331272362183273
4871,e_demand,2030,203,23,23,0.04331272362183273
4872,e_demand,2030,203,24,24,0.04331272362183273
4873,e_demand,2030,204,1,1,0.025
4874,e_demand,2030,204,2,2,0.025
4875,e_demand,2030,204,3,3,0.025
4876,e_demand,2030,204,4,4,0.025
4877,e_demand,2030,204,5,5,0.025
4878,e_demand,2030,204,6,6,0.025
4879,e_demand,2030,204,7,7,0.025
4880,e_demand,2030,204,8,8,0.025
4881,e_demand,2030,204,9,9,0.025
4882,e_demand,2030,204,10,10,0.025
4883,e_demand,2030,204,11,11,0.025
4884,e_demand,2030,204,12,12,0.025
4885,e_demand,2030,204,13,13,0.025
4886,e_demand,2030,204,14,14,0.025
4887,e_demand,2030,204,15,15,0.025
4888,e_demand,2030,204,16,16,0.025
4889,e_demand,2030,204,17,17,0.025
4890,e_demand,2030,204,18,18,0.025
4891,e_demand,2030,204,19,19,0.035
4892,e_demand,2030,204,20,20,0.035
4893,e_demand,2030,204,21,21,0.025
4894,e_demand,2030,204,22,22,0.025
4895,e_demand,2030,204,23,23,0.025
4896,e_demand,2030,204,24,24,0.025
4897,e_demand,2030,205,1,1,0.025
4898,e_demand,2030,205,2,2,0.025
4899,e_demand,2030,205,3,3,0.025
4900,e_demand,2030,205,4,4,0.025
4901,e_demand,2030,205,5,5,0.025
4902,e_demand,2030,205,6,6,0.025
4903,e_demand,2030,205,7,7,0.025
4904,e_demand,2030,205,8,8,0.025
4905,e_demand,2030,205,9,9,0.025
4906,e_demand,2030,205,10,10,0.025
4907,e_demand,2030,205,11,11,0.025
4908,e_demand,2030,205,12,12,0.025
4909,e_demand,2030,205,13,13,0.025
4910,e_demand,2030,205,14,14,0.025
4911,e_demand,2030,205,15,15,0.025
4912,e_demand,2030,205,16,16,0.025
4913,e_demand,2030,205,17,17,0.025
4914,e_demand,2030,205,18,18,0.025
4915,e_demand,2030,205,19,19,0.025
4916,e_demand,2030,205,20,20,0.025
4917,e_demand,2030,205,21,21,0.025
4918,e_demand,2030,205,22,22,0.025
4919,e_demand,2030,205,23,23,0.025
4920,e_demand,2030,205,24,24,0.025
4921,e_demand,2030,206,1,1,0.025
4922,e_demand,2030,206,2,2,0.025
4923,e_demand,2030,206,3,3,0.025
4924,e_demand,2030,206,4,4,0.025
4925,e_demand,2030,206,5,5,0.025
4926,e_demand,2030,206,6,6,0.025
4927,e_demand,2030,206,7,7,0.025
4928,e_demand,2030,206,8,8,0.025
4929,e_demand,2030,206,9,9,0.025
4930,e_demand,2030,206,10,10,0.025
4931,e_demand,2030,206,11,11,0.025
4932,e_demand,2030,206,12,12,0.025
4933,e_demand,2030,206,13,13,0.025
4934,e_demand,2030,206,14,14,0.025
4935,e_demand,2030,206,15,15,0.025
4936,e_demand,2030,206,16,16,0.025
4937,e_demand,2030,206,17,17,0.025
4938,e_demand,2030,206,18,18,0.025
4939,e_demand,2030,206,19,19,0.025
4940,e_demand,2030,206,20,20,0.025
4941,e_demand,2030,206,21,21,0.025
4942,e_demand,2030,206,22,22,0.025
4943,e_demand,2030,206,23,23,0.025
4944,e_demand,2030,206,24,24,0.025
4945,e_demand,2030,207,1,1,0.025
4946,e_demand,2030,207,2,2,0.025
4947,e_demand,2030,207,3,3,0.025
4948,e_demand,2030,207,4,4,0.025
4949,e_demand,2030,207,5,5,0.025
4950,e_demand,2030,207,6,6,0.025
4951,e_demand,2030,207,7,7,0.025
4952,e_demand,2030,207,8,8,0.025
4953,e_demand,2030,207,9,9,0.025
4954,e_demand,2030,207,10,10,0.025
4955,e_demand,2030,207,11,11,0.025
4956,e_demand,2030,207,12,12,0.025
4957,e_demand,2030,207,13,13,0.025
4958,e_demand,2030,207,14,14,0.001
4959,e_demand,2030,207,15,15,0.025
4960,e_demand,2030,207,16,16,0.025
4961,e_demand,2030,207,17,17,0.025
4962,e_demand,2030,207,18,18,0.025
4963,e_demand,2030,207,19,19,0.025
4964,e_demand,2030,207,20,20,0.025
4965,e_demand,2030,207,21,21,0.025
4966,e_demand,2030,207,22,22,0.025
4967,e_demand,2030,207,23,23,0.025
4968,e_demand,2030,207,24,24,0.025
4969,e_demand,2030,208,1,1,0.035
4970,e_demand,2030,208,2,2,0.035
4971,e_demand,2030,208,3,3,0.025
4972,e_demand,2030,208,4,4,0.025
4973,e_demand,2030,208,5,5,0.025
4974,e_demand,2030,208,6,6,0.025
4975,e_demand,2030,208,7,7,0.025
4976,e_demand,2030,208,8,8,0.025
4977,e_demand,2030,208,9,9,0.025
4978,e_demand,2030,208,10,10,0.025
4979,e_demand,2030,208,11,11,0.025
4980,e_demand,2030,208,12,12,0.025
4981,e_demand,2030,208,13,13,0.025
4982,e_demand,2030,208,14,14,0.025
4983,e_demand,2030,208,15,15,0.025
4984,e_demand,2030,208,16,16,0.025
4985,e_demand,2030,208,17,17,0.025
4986,e_demand,2030,208,18,18,0.025
4987,e_demand,2030,208,19,19,0.025
4988,e_demand,2030,208,20,20,0.025
4989,e_demand,2030,208,21,21,0.025
4990,e_demand,2030,208,22,22,0.025
4991,e_demand,2030,208,23,23,0.025
4992,e_demand,2030,208,24,24,0.025
4993,e_demand,2030,209,1,1,0.025
4994,e_demand,2030,209,2,2,0.025
4995,e_demand,2030,209,3,3,0.025
4996,e_demand,2030,209,4,4,0.025
4997,e_demand,2030,209,5,5,0.025
4998,e_demand,2030,209,6,6,0.025
4999,e_demand,2030,209,7,7,0.025
5000,e_demand,2030,209,8,8,0.025
5001,e_demand,2030,209,9,9,0.025
5002,e_demand,2030,209,10,10,0.025
5003,e_demand,2030,209,11,11,0.025
5004,e_demand,2030,209,12,12,0.025
5005,e_demand,2030,209,13,13,0.025
5006,e_demand,2030,209,14,14,0.001
5007,e_demand,2030,209,15,15,0.025
5008,e_demand,2030,209,16,16,0.025
5009,e_demand,2030,209,17,17,0.025
5010,e_demand,2030,209,18,18,0.025
5011,e_demand,2030,209,19,19,0.025
5012,e_demand,2030,209,20,20,0.025
5013,e_demand,2030,209,21,21,0.025
5014,e_demand,2030,209,22,22,0.025
5015,e_demand,2030,209,23,23,0.025
5016,e_demand,2030,209,24,24,0.025
5017,e_demand,2030,210,1,1,0.025
5018,e_demand,2030,210,2,2,0.025
5019,e_demand,2030,210,3,3,0.025
5020,e_demand,2030,210,4,4,0.025
5021,e_demand,2030,210,5,5,0.025
5022,e_demand,2030,210,6,6,0.025
5023,e_demand,2030,210,7,7,0.025
5024,e_demand,2030,210,8,8,0.025
5025,e_demand,2030,210,9,9,0.025
5026,e_demand,2030,210,10,10,0.025
5027,e_demand,2030,210,11,11,0.025
5028,e_demand,2030,210,12,12,0.001
5029,e_demand,2030,210,13,13,0.001
5030,e_demand,2030,210,14,14,0.001
5031,e_demand,2030,210,15,15,0.001
5032,e_demand,2030,210,16,16,0.001
5033,e_demand,2030,210,17,17,0.001
5034,e_demand,2030,210,18,18,0.025
5035,e_demand,2030,210,19,19,0.025
5036,e_demand,2030,210,20,20,0.025
5037,e_demand,2030,210,21,21,0.025
5038,e_demand,2030,210,22,22,0.025
5039,e_demand,2030,210,23,23,0.025
5040,e_demand,2030,210,24,24,0.025
5041,e_demand,2030,211,1,1,0.025
5042,e_demand,2030,211,2,2,0.025
5043,e_demand,2030,211,3,3,0.025
5044,e_demand,2030,211,4,4,0.025
5045,e_demand,2030,211,5,5,0.025
5046,e_demand,2030,211,6,6,0.025
5047,e_demand,2030,211,7,7,0.025
5048,e_demand,2030,211,8,8,0.025
5049,e_demand,2030,211,9,9,0.025
5050,e_demand,2030,211,10,10,0.025
5051,e_demand,2030,211,11,11,0.025
5052,e_demand,2030,211,12,12,0.025
5053,e_demand,2030,211,13,13,0.025
5054,e_demand,2030,211,14,14,0.025
5055,e_demand,2030,211,15,15,0.025
5056,e_demand,2030,211,16,16,0.025
5057,e_demand,2030,211,17,17,0.025
5058,e_demand,2030,211,18,18,0.025
5059,e_demand,2030,211,19,19,0.025
5060,e_demand,2030,211,20,20,0.025
5061,e_demand,2030,211,21,21,0.025
5062,e_demand,2030,211,22,22,0.025
5063,e_demand,2030,211,23,23,0.025
5064,e_demand,2030,211,24,24,0.025
5065,e_demand,2030,212,1,1,0.025
5066,e_demand,2030,212,2,2,0.025
5067,e_demand,2030,212,3,3,0.025
5068,e_demand,2030,212,4,4,0.025
5069,e_demand,2030,212,5,5,0.025
5070,e_demand,2030,212,6,6,0.025
5071,e_demand,2030,212,7,7,0.025
5072,e_demand,2030,212,8,8,0.025
5073,e_demand,2030,212,9,9,0.025
5074,e_demand,2030,212,10,10,0.025
5075,e_demand,2030,212,11,11,0.025
5076,e_demand,2030,212,12,12,0.025
5077,e_demand,2030,212,13,13,0.025
5078,e_demand,2030,212,14,14,0.025
5079,e_demand,2030,212,15,15,0.025
5080,e_demand,2030,212,16,16,0.025
5081,e_demand,2030,212,17,17,0.025
5082,e_demand,2030,212,18,18,0.025
5083,e_demand,2030,212,19,19,0.025
5084,e_demand,2030,212,20,20,0.025
5085,e_demand,2030,212,21,21,0.025
5086,e_demand,2030,212,22,22,0.025
5087,e_demand,2030,212,23,23,0.025
5088,e_demand,2030,212,24,24,0.025
5089,e_demand,2030,213,1,1,0.025
5090,e_demand,2030,213,2,2,0.025
5091,e_demand,2030,213,3,3,0.025
5092,e_demand,2030,213,4,4,0.025
5093,e_demand,2030,213,5,5,0.025
5094,e_demand,2030,213,6,6,0.025
5095,e_demand,2030,213,7,7,0.025
5096,e_demand,2030,213,8,8,0.025
5097,e_demand,2030,213,9,9,0.025
5098,e_demand,2030,213,10,10,0.025
5099,e_demand,2030,213,11,11,0.025
5100,e_demand,2030,213,12,12,0.025
5101,e_demand,2030,213,13,13,0.025
5102,e_demand,2030,213,14,14,0.025
5103,e_demand,2030,213,15,15,0.025
5104,e_demand,2030,213,16,16,0.025
5105,e_demand,2030,213,17,17,0.025
5106,e_demand,2030,213,18,18,0.025
5107,e_demand,2030,213,19,19,0.025
5108,e_demand,2030,213,20,20,0.025
5109,e_demand,2030,213,21,21,0.025
5110,e_demand,2030,213,22,22,0.025
5111,e_demand,2030,213,23,23,0.025
5112,e_demand,2030,213,24,24,0.025
5113,e_demand,2030,214,1,1,0.025
5114,e_demand,2030,214,2,2,0.025
5115,e_demand,2030,214,3,3,0.025
5116,e_demand,2030,214,4,4,0.025
5117,e_demand,2030,214,5,5,0.025
5118,e_demand,2030,214,6,6,0.025
5119,e_demand,2030,214,7,7,0.025
5120,e_demand,2030,214,8,8,0.025
5121,e_demand,2030,214,9,9,0.025
5122,e_demand,2030,214,10,10,0.025
5123,e_demand,2030,214,11,11,0.025
5124,e_demand,2030,214,12,12,0.025
5125,e_demand,2030,214,13,13,0.025
5126,e_demand,2030,214,14,14,0.025
5127,e_demand,2030,214,15,15,0.025
5128,e_demand,2030,214,16,16,0.025
5129,e_demand,2030,214,17,17,0.025
5130,e_demand,2030,214,18,18,0.025
5131,e_demand,2030,214,19,19,0.025
5132,e_demand,2030,214,20,20,0.025
5133,e_demand,2030,214,21,21,0.025
5134,e_demand,2030,214,22,22,0.025
5135,e_demand,2030,214,23,23,0.025
5136,e_demand,2030,214,24,24,0.025
5137,e_demand,2030,215,1,1,0.025
5138,e_demand,2030,215,2,2,0.025
5139,e_demand,2030,215,3,3,0.025
5140,e_demand,2030,215,4,4,0.025
5141,e_demand,2030,215,5,5,0.025
5142,e_demand,2030,215,6,6,0.025
5143,e_demand,2030,215,7,7,0.025
5144,e_demand,2030,215,8,8,0.025
5145,e_demand,2030,215,9,9,0.025
5146,e_demand,2030,215,10,10,0.025
5147,e_demand,2030,215,11,11,0.025
5148,e_demand,2030,215,12,12,0.001
5149,e_demand,2030,215,13,13,0.001
5150,e_demand,2030,215,14,14,0.001
5151,e_demand,2030,215,15,15,0.025
5152,e_demand,2030,215,16,16,0.025
5153,e_demand,2030,215,17,17,0.025
5154,e_demand,2030,215,18,18,0.025
5155,e_demand,2030,215,19,19,0.025
5156,e_demand,2030,215,20,20,0.025
5157,e_demand,2030,215,21,21,0.025
5158,e_demand,2030,215,22,22,0.025
5159,e_demand,2030,215,23,23,0.025
5160,e_demand,2030,215,24,24,0.025
5161,e_demand,2030,216,1,1,0.025
5162,e_demand,2030,216,2,2,0.025
5163,e_demand,2030,216,3,3,0.025
5164,e_demand,2030,216,4,4,0.025
5165,e_demand,2030,216,5,5,0.025
5166,e_demand,2030,216,6,6,0.025
5167,e_demand,2030,216,7,7,0.025
5168,e_demand,2030,216,8,8,0.025
5169,e_demand,2030,216,9,9,0.025
5170,e_demand,2030,216,10,10,0.025
5171,e_demand,2030,216,11,11,0.001
5172,e_demand,2030,216,12,12,0.001
5173,e_demand,2030,216,13,13,0.001
5174,e_demand,2030,216,14,14,0.001
5175,e_demand,2030,216,15,15,0.001
5176,e_demand,2030,216,16,16,0.001
5177,e_demand,2030,216,17,17,0.025
5178,e_demand,2030,216,18,18,0.025
5179,e_demand,2030,216,19,19,0.025
5180,e_demand,2030,216,20,20,0.025
5181,e_demand,2030,216,21,21,0.025
5182,e_demand,2030,216,22,22,0.025
5183,e_demand,2030,216,23,23,0.025
5184,e_demand,2030,216,24,24,0.025
5185,e_demand,2030,217,1,1,0.025
5186,e_demand,2030,217,2,2,0.025
5187,e_demand,2030,217,3,3,0.025
5188,e_demand,2030,217,4,4,0.025
5189,e_demand,2030,217,5,5,0.025
5190,e_demand,2030,217,6,6,0.025
5191,e_demand,2030,217,7,7,0.025
5192,e_demand,2030,217,8,8,0.025
5193,e_demand,2030,217,9,9,0.025
5194,e_demand,2030,217,10,10,0.025
5195,e_demand,2030,217,11,11,0.001
5196,e_demand,2030,217,12,12,0.001
5197,e_demand,2030,217,13,13,0.001
5198,e_demand,2030,217,14,14,0.001
5199,e_demand,2030,217,15,15,0.001
5200,e_demand,2030,217,16,16,0.025
5201,e_demand,2030,217,17,17,0.025
5202,e_demand,2030,217,18,18,0.025
5203,e_demand,2030,217,19,19,0.025
5204,e_demand,2030,217,20,20,0.025
5205,e_demand,2030,217,21,21,0.025
5206,e_demand,2030,217,22,22,0.025
5207,e_demand,2030,217,23,23,0.025
5208,e_demand,2030,217,24,24,0.025
5209,e_demand,2030,218,1,1,0.025
5210,e_demand,2030,218,2,2,0.025
5211,e_demand,2030,218,3,3,0.025
5212,e_demand,2030,218,4,4,0.025
5213,e_demand,2030,218,5,5,0.025
5214,e_demand,2030,218,6,6,0.025
5215,e_demand,2030,218,7,7,0.025
5216,e_demand,2030,218,8,8,0.025
5217,e_demand,2030,218,9,9,0.025
5218,e_demand,2030,218,10,10,0.025
5219,e_demand,2030,218,11,11,0.025
5220,e_demand,2030,218,12,12,0.025
5221,e_demand,2030,218,13,13,0.025
5222,e_demand,2030,218,14,14,0.025
5223,e_demand,2030,218,15,15,0.025
5224,e_demand,2030,218,16,16,0.025
5225,e_demand,2030,218,17,17,0.025
5226,e_demand,2030,218,18,18,0.025
5227,e_demand,2030,218,19,19,0.025
5228,e_demand,2030,218,20,20,0.025
5229,e_demand,2030,218,21,21,0.025
5230,e_demand,2030,218,22,22,0.025
5231,e_demand,2030,218,23,23,0.025
5232,e_demand,2030,218,24,24,0.025
5233,e_demand,2030,219,1,1,0.025
5234,e_demand,2030,219,2,2,0.025
5235,e_demand,2030,219,3,3,0.025
5236,e_demand,2030,219,4,4,0.025
5237,e_demand,2030,219,5,5,0.025
5238,e_demand,2030,219,6,6,0.025
5239,e_demand,2030,219,7,7,0.025
5240,e_demand,2030,219,8,8,0.025
5241,e_demand,2030,219,9,9,0.025
5242,e_demand,2030,219,10,10,0.025
5243,e_demand,2030,219,11,11,0.025
5244,e_demand,2030,219,12,12,0.025
5245,e_demand,2030,219,13,13,0.025
5246,e_demand,2030,219,14,14,0.025
5247,e_demand,2030,219,15,15,0.025
5248,e_demand,2030,219,16,16,0.025
5249,e_demand,2030,219,17,17,0.025
5250,e_demand,2030,219,18,18,0.025
5251,e_demand,2030,219,19,19,0.025
5252,e_demand,2030,219,20,20,0.025
5253,e_demand,2030,219,21,21,0.025
5254,e_demand,2030,219,22,22,0.025
5255,e_demand,2030,219,23,23,0.025
5256,e_demand,2030,219,24,24,0.025
5257,e_demand,2030,220,1,1,0.028191559620086216
5258,e_demand,2030,220,2,2,0.028191559620086216
5259,e_demand,2030,220,3,3,0.028191559620086216
5260,e_demand,2030,220,4,4,0.028191559620086216
5261,e_demand,2030,220,5,5,0.028191559620086216
5262,e_demand,2030,220,6,6,0.028191559620086216
5263,e_demand,2030,220,7,7,0.028191559620086216
5264,e_demand,2030,220,8,8,0.028191559620086216
5265,e_demand,2030,220,9,9,0.028191559620086216
5266,e_demand,2030,220,10,10,0.028191559620086216
5267,e_demand,2030,220,11,11,0.0011276623848034486
5268,e_demand,2030,220,12,12,0.0011276623848034486
5269,e_demand,2030,220,13,13,0.0011276623848034486
5270,e_demand,2030,220,14,14,0.0011276623848034486
5271,e_demand,2030,220,15,15,0.0011276623848034486
5272,e_demand,2030,220,16,16,0.028191559620086216
5273,e_demand,2030,220,17,17,0.028191559620086216
5274,e_demand,2030,220,18,18,0.028191559620086216
5275,e_demand,2030,220,19,19,0.028191559620086216
5276,e_demand,2030,220,20,20,0.028191559620086216
5277,e_demand,2030,220,21,21,0.028191559620086216
5278,e_demand,2030,220,22,22,0.028191559620086216
5279,e_demand,2030,220,23,23,0.028191559620086216
5280,e_demand,2030,220,24,24,0.028191559620086216
5281,e_demand,2030,221,1,1,0.025
5282,e_demand,2030,221,2,2,0.025
5283,e_demand,2030,221,3,3,0.025
5284,e_demand,2030,221,4,4,0.025
5285,e_demand,2030,221,5,5,0.025
5286,e_demand,2030,221,6,6,0.025
5287,e_demand,2030,221,7,7,0.025
5288,e_demand,2030,221,8,8,0.025
5289,e_demand,2030,221,9,9,0.025
5290,e_demand,2030,221,10,10,0.025
5291,e_demand,2030,221,11,11,0.025
5292,e_demand,2030,221,12,12,0.001
5293,e_demand,2030,221,13,13,0.001
5294,e_demand,2030,221,14,14,0.001
5295,e_demand,2030,221,15,15,0.001
5296,e_demand,2030,221,16,16,0.001
5297,e_demand,2030,221,17,17,0.025
5298,e_demand,2030,221,18,18,0.025
5299,e_demand,2030,221,19,19,0.025
5300,e_demand,2030,221,20,20,0.025
5301,e_demand,2030,221,21,21,0.025
5302,e_demand,2030,221,22,22,0.025
5303,e_demand,2030,221,23,23,0.025
5304,e_demand,2030,221,24,24,0.025
5305,e_demand,2030,222,1,1,0.025
5306,e_demand,2030,222,2,2,0.025
5307,e_demand,2030,222,3,3,0.025
5308,e_demand,2030,222,4,4,0.025
5309,e_demand,2030,222,5,5,0.025
5310,e_demand,2030,222,6,6,0.025
5311,e_demand,2030,222,7,7,0.025
5312,e_demand,2030,222,8,8,0.025
5313,e_demand,2030,222,9,9,0.025
5314,e_demand,2030,222,10,10,0.025
5315,e_demand,2030,222,11,11,0.025
5316,e_demand,2030,222,12,12,0.001
5317,e_demand,2030,222,13,13,0.001
5318,e_demand,2030,222,14,14,0.025
5319,e_demand,2030,222,15,15,0.025
5320,e_demand,2030,222,16,16,0.025
5321,e_demand,2030,222,17,17,0.025
5322,e_demand,2030,222,18,18,0.025
5323,e_demand,2030,222,19,19,0.025
5324,e_demand,2030,222,20,20,0.025
5325,e_demand,2030,222,21,21,0.025
5326,e_demand,2030,222,22,22,0.025
5327,e_demand,2030,222,23,23,0.025
5328,e_demand,2030,222,24,24,0.025
5329,e_demand,2030,223,1,1,0.025
5330,e_demand,2030,223,2,2,0.025
5331,e_demand,2030,223,3,3,0.025
5332,e_demand,2030,223,4,4,0.025
5333,e_demand,2030,223,5,5,0.025
5334,e_demand,2030,223,6,6,0.025
5335,e_demand,2030,223,7,7,0.025
5336,e_demand,2030,223,8,8,0.025
5337,e_demand,2030,223,9,9,0.025
5338,e_demand,2030,223,10,10,0.025
5339,e_demand,2030,223,11,11,0.025
5340,e_demand,2030,223,12,12,0.025
5341,e_demand,2030,223,13,13,0.001
5342,e_demand,2030,223,14,14,0.001
5343,e_demand,2030,223,15,15,0.001
5344,e_demand,2030,223,16,16,0.001
5345,e_demand,2030,223,17,17,0.025
5346,e_demand,2030,223,18,18,0.025
5347,e_demand,2030,223,19,19,0.025
5348,e_demand,2030,223,20,20,0.025
5349,e_demand,2030,223,21,21,0.025
5350,e_demand,2030,223,22,22,0.025
5351,e_demand,2030,223,23,23,0.025
5352,e_demand,2030,223,24,24,0.025
5353,e_demand,2030,224,1,1,0.025
5354,e_demand,2030,224,2,2,0.025
5355,e_demand,2030,224,3,3,0.025
5356,e_demand,2030,224,4,4,0.025
5357,e_demand,2030,224,5,5,0.025
5358,e_demand,2030,224,6,6,0.025
5359,e_demand,2030,224,7,7,0.025
5360,e_demand,2030,224,8,8,0.035
5361,e_demand,2030,224,9,9,0.025
5362,e_demand,2030,224,10,10,0.025
5363,e_demand,2030,224,11,11,0.025
5364,e_demand,2030,224,12,12,0.025
5365,e_demand,2030,224,13,13,0.025
5366,e_demand,2030,224,14,14,0.025
5367,e_demand,2030,224,15,15,0.025
5368,e_demand,2030,224,16,16,0.025
5369,e_demand,2030,224,17,17,0.025
5370,e_demand,2030,224,18,18,0.025
5371,e_demand,2030,224,19,19,0.035
5372,e_demand,2030,224,20,20,0.035
5373,e_demand,2030,224,21,21,0.035
5374,e_demand,2030,224,22,22,0.035
5375,e_demand,2030,224,23,23,0.035
5376,e_demand,2030,224,24,24,0.035
5377,e_demand,2030,225,1,1,0.025
5378,e_demand,2030,225,2,2,0.025
5379,e_demand,2030,225,3,3,0.025
5380,e_demand,2030,225,4,4,0.025
5381,e_demand,2030,225,5,5,0.025
5382,e_demand,2030,225,6,6,0.025
5383,e_demand,2030,225,7,7,0.025
5384,e_demand,2030,225,8,8,0.025
5385,e_demand,2030,225,9,9,0.025
5386,e_demand,2030,225,10,10,0.025
5387,e_demand,2030,225,11,11,0.025
5388,e_demand,2030,225,12,12,0.025
5389,e_demand,2030,225,13,13,0.001
5390,e_demand,2030,225,14,14,0.001
5391,e_demand,2030,225,15,15,0.001
5392,e_demand,2030,225,16,16,0.025
5393,e_demand,2030,225,17,17,0.025
5394,e_demand,2030,225,18,18,0.025
5395,e_demand,2030,225,19,19,0.025
5396,e_demand,2030,225,20,20,0.025
5397,e_demand,2030,225,21,21,0.025
5398,e_demand,2030,225,22,22,0.025
5399,e_demand,2030,225,23,23,0.025
5400,e_demand,2030,225,24,24,0.025
5401,e_demand,2030,226,1,1,0.025
5402,e_demand,2030,226,2,2,0.025
5403,e_demand,2030,226,3,3,0.025
5404,e_demand,2030,226,4,4,0.025
5405,e_demand,2030,226,5,5,0.025
5406,e_demand,2030,226,6,6,0.025
5407,e_demand,2030,226,7,7,0.025
5408,e_demand,2030,226,8,8,0.025
5409,e_demand,2030,226,9,9,0.025
5410,e_demand,2030,226,10,10,0.025
5411,e_demand,2030,226,11,11,0.025
5412,e_demand,2030,226,12,12,0.025
5413,e_demand,2030,226,13,13,0.025
5414,e_demand,2030,226,14,14,0.025
5415,e_demand,2030,226,15,15,0.025
5416,e_demand,2030,226,16,16,0.025
5417,e_demand,2030,226,17,17,0.025
5418,e_demand,2030,226,18,18,0.025
5419,e_demand,2030,226,19,19,0.025
5420,e_demand,2030,226,20,20,0.025
5421,e_demand,2030,226,21,21,0.025
5422,e_demand,2030,226,22,22,0.025
5423,e_demand,2030,226,23,23,0.025
5424,e_demand,2030,226,24,24,0.025
5425,e_demand,2030,227,1,1,0.025
5426,e_demand,2030,227,2,2,0.025
5427,e_demand,2030,227,3,3,0.025
5428,e_demand,2030,227,4,4,0.025
5429,e_demand,2030,227,5,5,0.025
5430,e_demand,2030,227,6,6,0.025
5431,e_demand,2030,227,7,7,0.025
5432,e_demand,2030,227,8,8,0.025
5433,e_demand,2030,227,9,9,0.025
5434,e_demand,2030,227,10,10,0.025
5435,e_demand,2030,227,11,11,0.025
5436,e_demand,2030,227,12,12,0.001
5437,e_demand,2030,227,13,13,0.001
5438,e_demand,2030,227,14,14,0.001
5439,e_demand,2030,227,15,15,0.001
5440,e_demand,2030,227,16,16,0.001
5441,e_demand,2030,227,17,17,0.025
5442,e_demand,2030,227,18,18,0.025
5443,e_demand,2030,227,19,19,0.025
5444,e_demand,2030,227,20,20,0.025
5445,e_demand,2030,227,21,21,0.025
5446,e_demand,2030,227,22,22,0.025
5447,e_demand,2030,227,23,23,0.025
5448,e_demand,2030,227,24,24,0.025
5449,e_demand,2030,228,1,1,0.025
5450,e_demand,2030,228,2,2,0.025
5451,e_demand,2030,228,3,3,0.025
5452,e_demand,2030,228,4,4,0.025
5453,e_demand,2030,228,5,5,0.025
5454,e_demand,2030,228,6,6,0.025
5455,e_demand,2030,228,7,7,0.025
5456,e_demand,2030,228,8,8,0.025
5457,e_demand,2030,228,9,9,0.025
5458,e_demand,2030,228,10,10,0.025
5459,e_demand,2030,228,11,11,0.025
5460,e_demand,2030,228,12,12,0.025
5461,e_demand,2030,228,13,13,0.001
5462,e_demand,2030,228,14,14,0.001
5463,e_demand,2030,228,15,15,0.025
5464,e_demand,2030,228,16,16,0.025
5465,e_demand,2030,228,17,17,0.025
5466,e_demand,2030,228,18,18,0.025
5467,e_demand,2030,228,19,19,0.025
5468,e_demand,2030,228,20,20,0.025
5469,e_demand,2030,228,21,21,0.025
5470,e_demand,2030,228,22,22,0.025
5471,e_demand,2030,228,23,23,0.025
5472,e_demand,2030,228,24,24,0.025
5473,e_demand,2030,229,1,1,0.025
5474,e_demand,2030,229,2,2,0.025
5475,e_demand,2030,229,3,3,0.025
5476,e_demand,2030,229,4,4,0.025
5477,e_demand,2030,229,5,5,0.025
5478,e_demand,2030,229,6,6,0.025
5479,e_demand,2030,229,7,7,0.025
5480,e_demand,2030,229,8,8,0.025
5481,e_demand,2030,229,9,9,0.025
5482,e_demand,2030,229,10,10,0.025
5483,e_demand,2030,229,11,11,0.025
5484,e_demand,2030,229,12,12,0.025
5485,e_demand,2030,229,13,13,0.001
5486,e_demand,2030,229,14,14,0.001
5487,e_demand,2030,229,15,15,0.025
5488,e_demand,2030,229,16,16,0.025
5489,e_demand,2030,229,17,17,0.025
5490,e_demand,2030,229,18,18,0.025
5491,e_demand,2030,229,19,19,0.025
5492,e_demand,2030,229,20,20,0.025
5493,e_demand,2030,229,21,21,0.025
5494,e_demand,2030,229,22,22,0.025
5495,e_demand,2030,229,23,23,0.025
5496,e_demand,2030,229,24,24,0.025
5497,e_demand,2030,230,1,1,0.025
5498,e_demand,2030,230,2,2,0.025
5499,e_demand,2030,230,3,3,0.025
5500,e_demand,2030,230,4,4,0.025
5501,e_demand,2030,230,5,5,0.025
5502,e_demand,2030,230,6,6,0.025
5503,e_demand,2030,230,7,7,0.025
5504,e_demand,2030,230,8,8,0.025
5505,e_demand,2030,230,9,9,0.025
5506,e_demand,2030,230,10,10,0.025
5507,e_demand,2030,230,11,11,0.025
5508,e_demand,2030,230,12,12,0.025
5509,e_demand,2030,230,13,13,0.025
5510,e_demand,2030,230,14,14,0.025
5511,e_demand,2030,230,15,15,0.025
5512,e_demand,2030,230,16,16,0.025
5513,e_demand,2030,230,17,17,0.025
5514,e_demand,2030,230,18,18,0.025
5515,e_demand,2030,230,19,19,0.025
5516,e_demand,2030,230,20,20,0.025
5517,e_demand,2030,230,21,21,0.025
5518,e_demand,2030,230,22,22,0.025
5519,e_demand,2030,230,23,23,0.025
5520,e_demand,2030,230,24,24,0.025
5521,e_demand,2030,231,1,1,0.025
5522,e_demand,2030,231,2,2,0.025
5523,e_demand,2030,231,3,3,0.025
5524,e_demand,2030,231,4,4,0.025
5525,e_demand,2030,231,5,5,0.025
5526,e_demand,2030,231,6,6,0.025
5527,e_demand,2030,231,7,7,0.025
5528,e_demand,2030,231,8,8,0.025
5529,e_demand,2030,231,9,9,0.025
5530,e_demand,2030,231,10,10,0.025
5531,e_demand,2030,231,11,11,0.025
5532,e_demand,2030,231,12,12,0.025
5533,e_demand,2030,231,13,13,0.025
5534,e_demand,2030,231,14,14,0.025
5535,e_demand,2030,231,15,15,0.025
5536,e_demand,2030,231,16,16,0.025
5537,e_demand,2030,231,17,17,0.025
5538,e_demand,2030,231,18,18,0.025
5539,e_demand,2030,231,19,19,0.025
5540,e_demand,2030,231,20,20,0.025
5541,e_demand,2030,231,21,21,0.025
5542,e_demand,2030,231,22,22,0.025
5543,e_demand,2030,231,23,23,0.025
5544,e_demand,2030,231,24,24,0.025
5545,e_demand,2030,232,1,1,0.025
5546,e_demand,2030,232,2,2,0.025
5547,e_demand,2030,232,3,3,0.025
5548,e_demand,2030,232,4,4,0.025
5549,e_demand,2030,232,5,5,0.025
5550,e_demand,2030,232,6,6,0.025
5551,e_demand,2030,232,7,7,0.025
5552,e_demand,2030,232,8,8,0.025
5553,e_demand,2030,232,9,9,0.025
5554,e_demand,2030,232,10,10,0.025
5555,e_demand,2030,232,11,11,0.025
5556,e_demand,2030,232,12,12,0.025
5557,e_demand,2030,232,13,13,0.025
5558,e_demand,2030,232,14,14,0.025
5559,e_demand,2030,232,15,15,0.025
5560,e_demand,2030,232,16,16,0.025
5561,e_demand,2030,232,17,17,0.025
5562,e_demand,2030,232,18,18,0.025
5563,e_demand,2030,232,19,19,0.025
5564,e_demand,2030,232,20,20,0.025
5565,e_demand,2030,232,21,21,0.025
5566,e_demand,2030,232,22,22,0.025
5567,e_demand,2030,232,23,23,0.025
5568,e_demand,2030,232,24,24,0.025
5569,e_demand,2030,233,1,1,0.02543527165432551
5570,e_demand,2030,233,2,2,0.02543527165432551
5571,e_demand,2030,233,3,3,0.02543527165432551
5572,e_demand,2030,233,4,4,0.02543527165432551
5573,e_demand,2030,233,5,5,0.02543527165432551
5574,e_demand,2030,233,6,6,0.02543527165432551
5575,e_demand,2030,233,7,7,0.02543527165432551
5576,e_demand,2030,233,8,8,0.02543527165432551
5577,e_demand,2030,233,9,9,0.02543527165432551
5578,e_demand,2030,233,10,10,0.02543527165432551
5579,e_demand,2030,233,11,11,0.02543527165432551
5580,e_demand,2030,233,12,12,0.0010174108661730203
5581,e_demand,2030,233,13,13,0.0010174108661730203
5582,e_demand,2030,233,14,14,0.0010174108661730203
5583,e_demand,2030,233,15,15,0.02543527165432551
5584,e_demand,2030,233,16,16,0.02543527165432551
5585,e_demand,2030,233,17,17,0.02543527165432551
5586,e_demand,2030,233,18,18,0.02543527165432551
5587,e_demand,2030,233,19,19,0.02543527165432551
5588,e_demand,2030,233,20,20,0.02543527165432551
5589,e_demand,2030,233,21,21,0.02543527165432551
5590,e_demand,2030,233,22,22,0.02543527165432551
5591,e_demand,2030,233,23,23,0.02543527165432551
5592,e_demand,2030,233,24,24,0.02543527165432551
5593,e_demand,2030,234,1,1,0.025
5594,e_demand,2030,234,2,2,0.025
5595,e_demand,2030,234,3,3,0.025
5596,e_demand,2030,234,4,4,0.025
5597,e_demand,2030,234,5,5,0.025
5598,e_demand,2030,234,6,6,0.025
5599,e_demand,2030,234,7,7,0.025
5600,e_demand,2030,234,8,8,0.025
5601,e_demand,2030,234,9,9,0.025
5602,e_demand,2030,234,10,10,0.025
5603,e_demand,2030,234,11,11,0.025
5604,e_demand,2030,234,12,12,0.025
5605,e_demand,2030,234,13,13,0.001
5606,e_demand,2030,234,14,14,0.001
5607,e_demand,2030,234,15,15,0.001
5608,e_demand,2030,234,16,16,0.001
5609,e_demand,2030,234,17,17,0.025
5610,e_demand,2030,234,18,18,0.025
5611,e_demand,2030,234,19,19,0.025
5612,e_demand,2030,234,20,20,0.025
5613,e_demand,2030,234,21,21,0.025
5614,e_demand,2030,234,22,22,0.025
5615,e_demand,2030,234,23,23,0.025
5616,e_demand,2030,234,24,24,0.025
5617,e_demand,2030,235,1,1,0.047531924664867733
5618,e_demand,2030,235,2,2,0.047531924664867733
5619,e_demand,2030,235,3,3,0.047531924664867733
5620,e_demand,2030,235,4,4,0.047531924664867733
5621,e_demand,2030,235,5,5,0.047531924664867733
5622,e_demand,2030,235,6,6,0.047531924664867733
5623,e_demand,2030,235,7,7,0.047531924664867733
5624,e_demand,2030,235,8,8,0.047531924664867733
5625,e_demand,2030,235,9,9,0.047531924664867733
5626,e_demand,2030,235,10,10,0.047531924664867733
5627,e_demand,2030,235,11,11,0.047531924664867733
5628,e_demand,2030,235,12,12,0.0019012769865947093
5629,e_demand,2030,235,13,13,0.0019012769865947093
5630,e_demand,2030,235,14,14,0.0019012769865947093
5631,e_demand,2030,235,15,15,0.0019012769865947093
5632,e_demand,2030,235,16,16,0.047531924664867733
5633,e_demand,2030,235,17,17,0.047531924664867733
5634,e_demand,2030,235,18,18,0.047531924664867733
5635,e_demand,2030,235,19,19,0.047531924664867733
5636,e_demand,2030,235,20,20,0.047531924664867733
5637,e_demand,2030,235,21,21,0.047531924664867733
5638,e_demand,2030,235,22,22,0.047531924664867733
5639,e_demand,2030,235,23,23,0.047531924664867733
5640,e_demand,2030,235,24,24,0.047531924664867733
5641,e_demand,2030,236,1,1,0.03834168477792952
5642,e_demand,2030,236,2,2,0.03834168477792952
5643,e_demand,2030,236,3,3,0.03834168477792952
5644,e_demand,2030,236,4,4,0.03834168477792952
5645,e_demand,2030,236,5,5,0.03834168477792952
5646,e_demand,2030,236,6,6,0.03834168477792952
5647,e_demand,2030,236,7,7,0.03834168477792952
5648,e_demand,2030,236,8,8,0.03834168477792952
5649,e_demand,2030,236,9,9,0.03834168477792952
5650,e_demand,2030,236,10,10,0.03834168477792952
5651,e_demand,2030,236,11,11,0.03834168477792952
5652,e_demand,2030,236,12,12,0.03834168477792952
5653,e_demand,2030,236,13,13,0.03834168477792952
5654,e_demand,2030,236,14,14,0.0015336673911171808
5655,e_demand,2030,236,15,15,0.021875278143190693
5656,e_demand,2030,236,16,16,0.03834168477792952
5657,e_demand,2030,236,17,17,0.03834168477792952
5658,e_demand,2030,236,18,18,0.03834168477792952
5659,e_demand,2030,236,19,19,0.03834168477792952
5660,e_demand,2030,236,20,20,0.03834168477792952
5661,e_demand,2030,236,21,21,0.03834168477792952
5662,e_demand,2030,236,22,22,0.03834168477792952
5663,e_demand,2030,236,23,23,0.03834168477792952
5664,e_demand,2030,236,24,24,0.03834168477792952
5665,e_demand,2030,237,1,1,0.025
5666,e_demand,2030,237,2,2,0.025
5667,e_demand,2030,237,3,3,0.025
5668,e_demand,2030,237,4,4,0.025
5669,e_demand,2030,237,5,5,0.025
5670,e_demand,2030,237,6,6,0.025
5671,e_demand,2030,237,7,7,0.025
5672,e_demand,2030,237,8,8,0.025
5673,e_demand,2030,237,9,9,0.025
5674,e_demand,2030,237,10,10,0.025
5675,e_demand,2030,237,11,11,0.025
5676,e_demand,2030,237,12,12,0.025
5677,e_demand,2030,237,13,13,0.025
5678,e_demand,2030,237,14,14,0.025
5679,e_demand,2030,237,15,15,0.025
5680,e_demand,2030,237,16,16,0.025
5681,e_demand,2030,237,17,17,0.025
5682,e_demand,2030,237,18,18,0.025
5683,e_demand,2030,237,19,19,0.035
5684,e_demand,2030,237,20,20,0.035
5685,e_demand,2030,237,21,21,0.035
5686,e_demand,2030,237,22,22,0.025
5687,e_demand,2030,237,23,23,0.025
5688,e_demand,2030,237,24,24,0.025
5689,e_demand,2030,238,1,1,0.03403459993957731
5690,e_demand,2030,238,2,2,0.03403459993957731
5691,e_demand,2030,238,3,3,0.03403459993957731
5692,e_demand,2030,238,4,4,0.03403459993957731
5693,e_demand,2030,238,5,5,0.03403459993957731
5694,e_demand,2030,238,6,6,0.03403459993957731
5695,e_demand,2030,238,7,7,0.03403459993957731
5696,e_demand,2030,238,8,8,0.03403459993957731
5697,e_demand,2030,238,9,9,0.03403459993957731
5698,e_demand,2030,238,10,10,0.03403459993957731
5699,e_demand,2030,238,11,11,0.03403459993957731
5700,e_demand,2030,238,12,12,0.03403459993957731
5701,e_demand,2030,238,13,13,0.03403459993957731
5702,e_demand,2030,238,14,14,0.03403459993957731
5703,e_demand,2030,238,15,15,0.03403459993957731
5704,e_demand,2030,238,16,16,0.03403459993957731
5705,e_demand,2030,238,17,17,0.03403459993957731
5706,e_demand,2030,238,18,18,0.03403459993957731
5707,e_demand,2030,238,19,19,0.03403459993957731
5708,e_demand,2030,238,20,20,0.03403459993957731
5709,e_demand,2030,238,21,21,0.03403459993957731
5710,e_demand,2030,238,22,22,0.03403459993957731
5711,e_demand,2030,238,23,23,0.03403459993957731
5712,e_demand,2030,238,24,24,0.03403459993957731
5713,e_demand,2030,239,1,1,0.030637177193863736
5714,e_demand,2030,239,2,2,0.030637177193863736
5715,e_demand,2030,239,3,3,0.030637177193863736
5716,e_demand,2030,239,4,4,0.030637177193863736
5717,e_demand,2030,239,5,5,0.030637177193863736
5718,e_demand,2030,239,6,6,0.030637177193863736
5719,e_demand,2030,239,7,7,0.030637177193863736
5720,e_demand,2030,239,8,8,0.030637177193863736
5721,e_demand,2030,239,9,9,0.030637177193863736
5722,e_demand,2030,239,10,10,0.030637177193863736
5723,e_demand,2030,239,11,11,0.030637177193863736
5724,e_demand,2030,239,12,12,0.030637177193863736
5725,e_demand,2030,239,13,13,0.030637177193863736
5726,e_demand,2030,239,14,14,0.030637177193863736
5727,e_demand,2030,239,15,15,0.030637177193863736
5728,e_demand,2030,239,16,16,0.030637177193863736
5729,e_demand,2030,239,17,17,0.030637177193863736
5730,e_demand,2030,239,18,18,0.030637177193863736
5731,e_demand,2030,239,19,19,0.030637177193863736
5732,e_demand,2030,239,20,20,0.030637177193863736
5733,e_demand,2030,239,21,21,0.030637177193863736
5734,e_demand,2030,239,22,22,0.030637177193863736
5735,e_demand,2030,239,23,23,0.030637177193863736
5736,e_demand,2030,239,24,24,0.030637177193863736
5737,e_demand,2030,240,1,1,0.025
5738,e_demand,2030,240,2,2,0.025
5739,e_demand,2030,240,3,3,0.025
5740,e_demand,2030,240,4,4,0.025
5741,e_demand,2030,240,5,5,0.025
5742,e_demand,2030,240,6,6,0.025
5743,e_demand,2030,240,7,7,0.025
5744,e_demand,2030,240,8,8,0.025
5745,e_demand,2030,240,9,9,0.025
5746,e_demand,2030,240,10,10,0.025
5747,e_demand,2030,240,11,11,0.025
5748,e_demand,2030,240,12,12,0.025
5749,e_demand,2030,240,13,13,0.001
5750,e_demand,2030,240,14,14,0.001
5751,e_demand,2030,240,15,15,0.001
5752,e_demand,2030,240,16,16,0.025
5753,e_demand,2030,240,17,17,0.025
5754,e_demand,2030,240,18,18,0.025
5755,e_demand,2030,240,19,19,0.025
5756,e_demand,2030,240,20,20,0.025
5757,e_demand,2030,240,21,21,0.025
5758,e_demand,2030,240,22,22,0.025
5759,e_demand,2030,240,23,23,0.025
5760,e_demand,2030,240,24,24,0.025
5761,e_demand,2030,241,1,1,0.025
5762,e_demand,2030,241,2,2,0.025
5763,e_demand,2030,241,3,3,0.025
5764,e_demand,2030,241,4,4,0.025
5765,e_demand,2030,241,5,5,0.025
5766,e_demand,2030,241,6,6,0.025
5767,e_demand,2030,241,7,7,0.025
5768,e_demand,2030,241,8,8,0.025
5769,e_demand,2030,241,9,9,0.025
5770,e_demand,2030,241,10,10,0.001
5771,e_demand,2030,241,11,11,0.001
5772,e_demand,2030,241,12,12,0.001
5773,e_demand,2030,241,13,13,0.001
5774,e_demand,2030,241,14,14,0.001
5775,e_demand,2030,241,15,15,0.001
5776,e_demand,2030,241,16,16,0.001
5777,e_demand,2030,241,17,17,0.025
5778,e_demand,2030,241,18,18,0.025
5779,e_demand,2030,241,19,19,0.025
5780,e_demand,2030,241,20,20,0.025
5781,e_demand,2030,241,21,21,0.025
5782,e_demand,2030,241,22,22,0.025
5783,e_demand,2030,241,23,23,0.025
5784,e_demand,2030,241,24,24,0.025
5785,e_demand,2030,242,1,1,0.0314656089940103
5786,e_demand,2030,242,2,2,0.0314656089940103
5787,e_demand,2030,242,3,3,0.0314656089940103
5788,e_demand,2030,242,4,4,0.0314656089940103
5789,e_demand,2030,242,5,5,0.0314656089940103
5790,e_demand,2030,242,6,6,0.0314656089940103
5791,e_demand,2030,242,7,7,0.0314656089940103
5792,e_demand,2030,242,8,8,0.0314656089940103
5793,e_demand,2030,242,9,9,0.0314656089940103
5794,e_demand,2030,242,10,10,0.0314656089940103
5795,e_demand,2030,242,11,11,0.0314656089940103
5796,e_demand,2030,242,12,12,0.0314656089940103
5797,e_demand,2030,242,13,13,0.0314656089940103
5798,e_demand,2030,242,14,14,0.0314656089940103
5799,e_demand,2030,242,15,15,0.0314656089940103
5800,e_demand,2030,242,16,16,0.0314656089940103
5801,e_demand,2030,242,17,17,0.0314656089940103
5802,e_demand,2030,242,18,18,0.0314656089940103
5803,e_demand,2030,242,19,19,0.0314656089940103
5804,e_demand,2030,242,20,20,0.0314656089940103
5805,e_demand,2030,242,21,21,0.0314656089940103
5806,e_demand,2030,242,22,22,0.0314656089940103
5807,e_demand,2030,242,23,23,0.0314656089940103
5808,e_demand,2030,242,24,24,0.0314656089940103
5809,e_demand,2030,243,1,1,0.025
5810,e_demand,2030,243,2,2,0.025
5811,e_demand,2030,243,3,3,0.025
5812,e_demand,2030,243,4,4,0.025
5813,e_demand,2030,243,5,5,0.025
5814,e_demand,2030,243,6,6,0.025
5815,e_demand,2030,243,7,7,0.025
5816,e_demand,2030,243,8,8,0.025
5817,e_demand,2030,243,9,9,0.025
5818,e_demand,2030,243,10,10,0.025
5819,e_demand,2030,243,11,11,0.001
5820,e_demand,2030,243,12,12,0.001
5821,e_demand,2030,243,13,13,0.001
5822,e_demand,2030,243,14,14,0.001
5823,e_demand,2030,243,15,15,0.001
5824,e_demand,2030,243,16,16,0.025
5825,e_demand,2030,243,17,17,0.025
5826,e_demand,2030,243,18,18,0.025
5827,e_demand,2030,243,19,19,0.025
5828,e_demand,2030,243,20,20,0.025
5829,e_demand,2030,243,21,21,0.025
5830,e_demand,2030,243,22,22,0.025
5831,e_demand,2030,243,23,23,0.025
5832,e_demand,2030,243,24,24,0.025
5833,e_demand,2030,244,1,1,0.025
5834,e_demand,2030,244,2,2,0.025
5835,e_demand,2030,244,3,3,0.025
5836,e_demand,2030,244,4,4,0.025
5837,e_demand,2030,244,5,5,0.025
5838,e_demand,2030,244,6,6,0.025
5839,e_demand,2030,244,7,7,0.025
5840,e_demand,2030,244,8,8,0.025
5841,e_demand,2030,244,9,9,0.025
5842,e_demand,2030,244,10,10,0.025
5843,e_demand,2030,244,11,11,0.025
5844,e_demand,2030,244,12,12,0.025
5845,e_demand,2030,244,13,13,0.001
5846,e_demand,2030,244,14,14,0.001
5847,e_demand,2030,244,15,15,0.001
5848,e_demand,2030,244,16,16,0.001
5849,e_demand,2030,244,17,17,0.025
5850,e_demand,2030,244,18,18,0.025
5851,e_demand,2030,244,19,19,0.025
5852,e_demand,2030,244,20,20,0.025
5853,e_demand,2030,244,21,21,0.025
5854,e_demand,2030,244,22,22,0.025
5855,e_demand,2030,244,23,23,0.025
5856,e_demand,2030,244,24,24,0.025
5857,e_demand,2030,245,1,1,0.025
5858,e_demand,2030,245,2,2,0.025
5859,e_demand,2030,245,3,3,0.025
5860,e_demand,2030,245,4,4,0.025
5861,e_demand,2030,245,5,5,0.025
5862,e_demand,2030,245,6,6,0.025
5863,e_demand,2030,245,7,7,0.025
5864,e_demand,2030,245,8,8,0.025
5865,e_demand,2030,245,9,9,0.025
5866,e_demand,2030,245,10,10,0.025
5867,e_demand,2030,245,11,11,0.025
5868,e_demand,2030,245,12,12,0.025
5869,e_demand,2030,245,13,13,0.001
5870,e_demand,2030,245,14,14,0.001
5871,e_demand,2030,245,15,15,0.001
5872,e_demand,2030,245,16,16,0.025
5873,e_demand,2030,245,17,17,0.025
5874,e_demand,2030,245,18,18,0.025
5875,e_demand,2030,245,19,19,0.025
5876,e_demand,2030,245,20,20,0.025
5877,e_demand,2030,245,21,21,0.025
5878,e_demand,2030,245,22,22,0.025
5879,e_demand,2030,245,23,23,0.025
5880,e_demand,2030,245,24,24,0.025
5881,e_demand,2030,246,1,1,0.02943200134208032
5882,e_demand,2030,246,2,2,0.02943200134208032
5883,e_demand,2030,246,3,3,0.02943200134208032
5884,e_demand,2030,246,4,4,0.02943200134208032
5885,e_demand,2030,246,5,5,0.02943200134208032
5886,e_demand,2030,246,6,6,0.02943200134208032
5887,e_demand,2030,246,7,7,0.02943200134208032
5888,e_demand,2030,246,8,8,0.02943200134208032
5889,e_demand,2030,246,9,9,0.02943200134208032
5890,e_demand,2030,246,10,10,0.02943200134208032
5891,e_demand,2030,246,11,11,0.001177280053683213
5892,e_demand,2030,246,12,12,0.001177280053683213
5893,e_demand,2030,246,13,13,0.001177280053683213
5894,e_demand,2030,246,14,14,0.001177280053683213
5895,e_demand,2030,246,15,15,0.001177280053683213
5896,e_demand,2030,246,16,16,0.001177280053683213
5897,e_demand,2030,246,17,17,0.02943200134208032
5898,e_demand,2030,246,18,18,0.02943200134208032
5899,e_demand,2030,246,19,19,0.02943200134208032
5900,e_demand,2030,246,20,20,0.02943200134208032
5901,e_demand,2030,246,21,21,0.02943200134208032
5902,e_demand,2030,246,22,22,0.02943200134208032
5903,e_demand,2030,246,23,23,0.02943200134208032
5904,e_demand,2030,246,24,24,0.02943200134208032
5905,e_demand,2030,247,1,1,0.025
5906,e_demand,2030,247,2,2,0.025
5907,e_demand,2030,247,3,3,0.025
5908,e_demand,2030,247,4,4,0.025
5909,e_demand,2030,247,5,5,0.025
5910,e_demand,2030,247,6,6,0.025
5911,e_demand,2030,247,7,7,0.025
5912,e_demand,2030,247,8,8,0.025
5913,e_demand,2030,247,9,9,0.025
5914,e_demand,2030,247,10,10,0.025
5915,e_demand,2030,247,11,11,0.025
5916,e_demand,2030,247,12,12,0.001
5917,e_demand,2030,247,13,13,0.001
5918,e_demand,2030,247,14,14,0.001
5919,e_demand,2030,247,15,15,0.001
5920,e_demand,2030,247,16,16,0.025
5921,e_demand,2030,247,17,17,0.025
5922,e_demand,2030,247,18,18,0.025
5923,e_demand,2030,247,19,19,0.025
5924,e_demand,2030,247,20,20,0.025
5925,e_demand,2030,247,21,21,0.025
5926,e_demand,2030,247,22,22,0.025
5927,e_demand,2030,247,23,23,0.025
5928,e_demand,2030,247,24,24,0.025
5929,e_demand,2030,248,1,1,0.030075580128308715
5930,e_demand,2030,248,2,2,0.030075580128308715
5931,e_demand,2030,248,3,3,0.030075580128308715
5932,e_demand,2030,248,4,4,0.030075580128308715
5933,e_demand,2030,248,5,5,0.030075580128308715
5934,e_demand,2030,248,6,6,0.030075580128308715
5935,e_demand,2030,248,7,7,0.030075580128308715
5936,e_demand,2030,248,8,8,0.030075580128308715
5937,e_demand,2030,248,9,9,0.030075580128308715
5938,e_demand,2030,248,10,10,0.030075580128308715
5939,e_demand,2030,248,11,11,0.030075580128308715
5940,e_demand,2030,248,12,12,0.030075580128308715
5941,e_demand,2030,248,13,13,0.0012030232051323487
5942,e_demand,2030,248,14,14,0.0012030232051323487
5943,e_demand,2030,248,15,15,0.030075580128308715
5944,e_demand,2030,248,16,16,0.030075580128308715
5945,e_demand,2030,248,17,17,0.030075580128308715
5946,e_demand,2030,248,18,18,0.030075580128308715
5947,e_demand,2030,248,19,19,0.030075580128308715
5948,e_demand,2030,248,20,20,0.030075580128308715
5949,e_demand,2030,248,21,21,0.030075580128308715
5950,e_demand,2030,248,22,22,0.030075580128308715
5951,e_demand,2030,248,23,23,0.030075580128308715
5952,e_demand,2030,248,24,24,0.030075580128308715
5953,e_demand,2030,249,1,1,0.025
5954,e_demand,2030,249,2,2,0.025
5955,e_demand,2030,249,3,3,0.025
5956,e_demand,2030,249,4,4,0.025
5957,e_demand,2030,249,5,5,0.025
5958,e_demand,2030,249,6,6,0.025
5959,e_demand,2030,249,7,7,0.025
5960,e_demand,2030,249,8,8,0.025
5961,e_demand,2030,249,9,9,0.025
5962,e_demand,2030,249,10,10,0.001
5963,e_demand,2030,249,11,11,0.001
5964,e_demand,2030,249,12,12,0.001
5965,e_demand,2030,249,13,13,0.001
5966,e_demand,2030,249,14,14,0.001
5967,e_demand,2030,249,15,15,0.001
5968,e_demand,2030,249,16,16,0.001
5969,e_demand,2030,249,17,17,0.025
5970,e_demand,2030,249,18,18,0.025
5971,e_demand,2030,249,19,19,0.025
5972,e_demand,2030,249,20,20,0.025
5973,e_demand,2030,249,21,21,0.025
5974,e_demand,2030,249,22,22,0.025
5975,e_demand,2030,249,23,23,0.025
5976,e_demand,2030,249,24,24,0.025
5977,e_demand,2030,250,1,1,0.025681601655762606
5978,e_demand,2030,250,2,2,0.025681601655762606
5979,e_demand,2030,250,3,3,0.025681601655762606
5980,e_demand,2030,250,4,4,0.025681601655762606
5981,e_demand,2030,250,5,5,0.025681601655762606
5982,e_demand,2030,250,6,6,0.025681601655762606
5983,e_demand,2030,250,7,7,0.025681601655762606
5984,e_demand,2030,250,8,8,0.025681601655762606
5985,e_demand,2030,250,9,9,0.025681601655762606
5986,e_demand,2030,250,10,10,0.025681601655762606
5987,e_demand,2030,250,11,11,0.025681601655762606
5988,e_demand,2030,250,12,12,0.025681601655762606
5989,e_demand,2030,250,13,13,0.025681601655762606
5990,e_demand,2030,250,14,14,0.025681601655762606
5991,e_demand,2030,250,15,15,0.025681601655762606
5992,e_demand,2030,250,16,16,0.025681601655762606
5993,e_demand,2030,250,17,17,0.025681601655762606
5994,e_demand,2030,250,18,18,0.025681601655762606
5995,e_demand,2030,250,19,19,0.025681601655762606
5996,e_demand,2030,250,20,20,0.025681601655762606
5997,e_demand,2030,250,21,21,0.025681601655762606
5998,e_demand,2030,250,22,22,0.025681601655762606
5999,e_demand,2030,250,23,23,0.025681601655762606
6000,e_demand,2030,250,24,24,0.025681601655762606
6001,e_demand,2030,251,1,1,0.03455582782004478
6002,e_demand,2030,251,2,2,0.03455582782004478
6003,e_demand,2030,251,3,3,0.03455582782004478
6004,e_demand,2030,251,4,4,0.03455582782004478
6005,e_demand,2030,251,5,5,0.03455582782004478
6006,e_demand,2030,251,6,6,0.03455582782004478
6007,e_demand,2030,251,7,7,0.03455582782004478
6008,e_demand,2030,251,8,8,0.03455582782004478
6009,e_demand,2030,251,9,9,0.048378158948062695
6010,e_demand,2030,251,10,10,0.03455582782004478
6011,e_demand,2030,251,11,11,0.03455582782004478
6012,e_demand,2030,251,12,12,0.03455582782004478
6013,e_demand,2030,251,13,13,0.03455582782004478
6014,e_demand,2030,251,14,14,0.03455582782004478
6015,e_demand,2030,251,15,15,0.03455582782004478
6016,e_demand,2030,251,16,16,0.03455582782004478
6017,e_demand,2030,251,17,17,0.048378158948062695
6018,e_demand,2030,251,18,18,0.048378158948062695
6019,e_demand,2030,251,19,19,0.048378158948062695
6020,e_demand,2030,251,20,20,0.048378158948062695
6021,e_demand,2030,251,21,21,0.048378158948062695
6022,e_demand,2030,251,22,22,0.048378158948062695
6023,e_demand,2030,251,23,23,0.048378158948062695
6024,e_demand,2030,251,24,24,0.048378158948062695
6025,e_demand,2030,252,1,1,0.025
6026,e_demand,2030,252,2,2,0.025
6027,e_demand,2030,252,3,3,0.025
6028,e_demand,2030,252,4,4,0.025
6029,e_demand,2030,252,5,5,0.025
6030,e_demand,2030,252,6,6,0.025
6031,e_demand,2030,252,7,7,0.025
6032,e_demand,2030,252,8,8,0.025
6033,e_demand,2030,252,9,9,0.025
6034,e_demand,2030,252,10,10,0.025
6035,e_demand,2030,252,11,11,0.025
6036,e_demand,2030,252,12,12,0.001
6037,e_demand,2030,252,13,13,0.001
6038,e_demand,2030,252,14,14,0.001
6039,e_demand,2030,252,15,15,0.001
6040,e_demand,2030,252,16,16,0.001
6041,e_demand,2030,252,17,17,0.025
6042,e_demand,2030,252,18,18,0.025
6043,e_demand,2030,252,19,19,0.025
6044,e_demand,2030,252,20,20,0.025
6045,e_demand,2030,252,21,21,0.025
6046,e_demand,2030,252,22,22,0.025
6047,e_demand,2030,252,23,23,0.025
6048,e_demand,2030,252,24,24,0.025
6049,e_demand,2030,253,1,1,0.047733093940657396
6050,e_demand,2030,253,2,2,0.047733093940657396
6051,e_demand,2030,253,3,3,0.047733093940657396
6052,e_demand,2030,253,4,4,0.047733093940657396
6053,e_demand,2030,253,5,5,0.047733093940657396
6054,e_demand,2030,253,6,6,0.047733093940657396
6055,e_demand,2030,253,7,7,0.047733093940657396
6056,e_demand,2030,253,8,8,0.047733093940657396
6057,e_demand,2030,253,9,9,0.047733093940657396
6058,e_demand,2030,253,10,10,0.0019093237576262958
6059,e_demand,2030,253,11,11,0.0019093237576262958
6060,e_demand,2030,253,12,12,0.0019093237576262958
6061,e_demand,2030,253,13,13,0.0019093237576262958
6062,e_demand,2030,253,14,14,0.0019093237576262958
6063,e_demand,2030,253,15,15,0.0019093237576262958
6064,e_demand,2030,253,16,16,0.0019093237576262958
6065,e_demand,2030,253,17,17,0.047733093940657396
6066,e_demand,2030,253,18,18,0.047733093940657396
6067,e_demand,2030,253,19,19,0.047733093940657396
6068,e_demand,2030,253,20,20,0.047733093940657396
6069,e_demand,2030,253,21,21,0.047733093940657396
6070,e_demand,2030,253,22,22,0.047733093940657396
6071,e_demand,2030,253,23,23,0.047733093940657396
6072,e_demand,2030,253,24,24,0.047733093940657396
6073,e_demand,2030,254,1,1,0.03267447599523671
6074,e_demand,2030,254,2,2,0.03267447599523671
6075,e_demand,2030,254,3,3,0.03267447599523671
6076,e_demand,2030,254,4,4,0.03267447599523671
6077,e_demand,2030,254,5,5,0.03267447599523671
6078,e_demand,2030,254,6,6,0.03267447599523671
6079,e_demand,2030,254,7,7,0.03267447599523671
6080,e_demand,2030,254,8,8,0.03267447599523671
6081,e_demand,2030,254,9,9,0.03267447599523671
6082,e_demand,2030,254,10,10,0.03267447599523671
6083,e_demand,2030,254,11,11,0.03267447599523671
6084,e_demand,2030,254,12,12,0.03267447599523671
6085,e_demand,2030,254,13,13,0.0013069790398094682
6086,e_demand,2030,254,14,14,0.0013069790398094682
6087,e_demand,2030,254,15,15,0.0013069790398094682
6088,e_demand,2030,254,16,16,0.03267447599523671
6089,e_demand,2030,254,17,17,0.03267447599523671
6090,e_demand,2030,254,18,18,0.03267447599523671
6091,e_demand,2030,254,19,19,0.03267447599523671
6092,e_demand,2030,254,20,20,0.03267447599523671
6093,e_demand,2030,254,21,21,0.03267447599523671
6094,e_demand,2030,254,22,22,0.03267447599523671
6095,e_demand,2030,254,23,23,0.03267447599523671
6096,e_demand,2030,254,24,24,0.03267447599523671
6097,e_demand,2030,255,1,1,0.025
6098,e_demand,2030,255,2,2,0.025
6099,e_demand,2030,255,3,3,0.025
6100,e_demand,2030,255,4,4,0.025
6101,e_demand,2030,255,5,5,0.025
6102,e_demand,2030,255,6,6,0.025
6103,e_demand,2030,255,7,7,0.025
6104,e_demand,2030,255,8,8,0.025
6105,e_demand,2030,255,9,9,0.025
6106,e_demand,2030,255,10,10,0.025
6107,e_demand,2030,255,11,11,0.025
6108,e_demand,2030,255,12,12,0.025
6109,e_demand,2030,255,13,13,0.001
6110,e_demand,2030,255,14,14,0.001
6111,e_demand,2030,255,15,15,0.001
6112,e_demand,2030,255,16,16,0.025
6113,e_demand,2030,255,17,17,0.025
6114,e_demand,2030,255,18,18,0.025
6115,e_demand,2030,255,19,19,0.025
6116,e_demand,2030,255,20,20,0.025
6117,e_demand,2030,255,21,21,0.025
6118,e_demand,2030,255,22,22,0.025
6119,e_demand,2030,255,23,23,0.025
6120,e_demand,2030,255,24,24,0.025
6121,e_demand,2030,256,1,1,0.025
6122,e_demand,2030,256,2,2,0.025
6123,e_demand,2030,256,3,3,0.025
6124,e_demand,2030,256,4,4,0.025
6125,e_demand,2030,256,5,5,0.025
6126,e_demand,2030,256,6,6,0.025
6127,e_demand,2030,256,7,7,0.025
6128,e_demand,2030,256,8,8,0.025
6129,e_demand,2030,256,9,9,0.025
6130,e_demand,2030,256,10,10,0.025
6131,e_demand,2030,256,11,11,0.025
6132,e_demand,2030,256,12,12,0.025
6133,e_demand,2030,256,13,13,0.025
6134,e_demand,2030,256,14,14,0.001
6135,e_demand,2030,256,15,15,0.001
6136,e_demand,2030,256,16,16,0.025
6137,e_demand,2030,256,17,17,0.025
6138,e_demand,2030,256,18,18,0.025
6139,e_demand,2030,256,19,19,0.025
6140,e_demand,2030,256,20,20,0.025
6141,e_demand,2030,256,21,21,0.025
6142,e_demand,2030,256,22,22,0.025
6143,e_demand,2030,256,23,23,0.025
6144,e_demand,2030,256,24,24,0.025
6145,e_demand,2030,257,1,1,0.07640766133134724
6146,e_demand,2030,257,2,2,0.07640766133134724
6147,e_demand,2030,257,3,3,0.07640766133134724
6148,e_demand,2030,257,4,4,0.07640766133134724
6149,e_demand,2030,257,5,5,0.07640766133134724
6150,e_demand,2030,257,6,6,0.07640766133134724
6151,e_demand,2030,257,7,7,0.07640766133134724
6152,e_demand,2030,257,8,8,0.07640766133134724
6153,e_demand,2030,257,9,9,0.07640766133134724
6154,e_demand,2030,257,10,10,0.07640766133134724
6155,e_demand,2030,257,11,11,0.07640766133134724
6156,e_demand,2030,257,12,12,0.07640766133134724
6157,e_demand,2030,257,13,13,0.0030563064532538892
6158,e_demand,2030,257,14,14,0.07640766133134724
6159,e_demand,2030,257,15,15,0.07640766133134724
6160,e_demand,2030,257,16,16,0.07640766133134724
6161,e_demand,2030,257,17,17,0.07640766133134724
6162,e_demand,2030,257,18,18,0.07640766133134724
6163,e_demand,2030,257,19,19,0.07640766133134724
6164,e_demand,2030,257,20,20,0.07640766133134724
6165,e_demand,2030,257,21,21,0.07640766133134724
6166,e_demand,2030,257,22,22,0.07640766133134724
6167,e_demand,2030,257,23,23,0.07640766133134724
6168,e_demand,2030,257,24,24,0.07640766133134724
6169,e_demand,2030,258,1,1,0.025459786394443764
6170,e_demand,2030,258,2,2,0.025459786394443764
6171,e_demand,2030,258,3,3,0.025459786394443764
6172,e_demand,2030,258,4,4,0.025459786394443764
6173,e_demand,2030,258,5,5,0.025459786394443764
6174,e_demand,2030,258,6,6,0.025459786394443764
6175,e_demand,2030,258,7,7,0.025459786394443764
6176,e_demand,2030,258,8,8,0.025459786394443764
6177,e_demand,2030,258,9,9,0.025459786394443764
6178,e_demand,2030,258,10,10,0.025459786394443764
6179,e_demand,2030,258,11,11,0.025459786394443764
6180,e_demand,2030,258,12,12,0.0010183914557777504
6181,e_demand,2030,258,13,13,0.0010183914557777504
6182,e_demand,2030,258,14,14,0.0010183914557777504
6183,e_demand,2030,258,15,15,0.0010183914557777504
6184,e_demand,2030,258,16,16,0.025459786394443764
6185,e_demand,2030,258,17,17,0.025459786394443764
6186,e_demand,2030,258,18,18,0.025459786394443764
6187,e_demand,2030,258,19,19,0.025459786394443764
6188,e_demand,2030,258,20,20,0.025459786394443764
6189,e_demand,2030,258,21,21,0.025459786394443764
6190,e_demand,2030,258,22,22,0.025459786394443764
6191,e_demand,2030,258,23,23,0.025459786394443764
6192,e_demand,2030,258,24,24,0.025459786394443764
6193,e_demand,2030,259,1,1,0.030606175580740237
6194,e_demand,2030,259,2,2,0.030606175580740237
6195,e_demand,2030,259,3,3,0.030606175580740237
6196,e_demand,2030,259,4,4,0.030606175580740237
6197,e_demand,2030,259,5,5,0.030606175580740237
6198,e_demand,2030,259,6,6,0.030606175580740237
6199,e_demand,2030,259,7,7,0.030606175580740237
6200,e_demand,2030,259,8,8,0.030606175580740237
6201,e_demand,2030,259,9,9,0.030606175580740237
6202,e_demand,2030,259,10,10,0.030606175580740237
6203,e_demand,2030,259,11,11,0.030606175580740237
6204,e_demand,2030,259,12,12,0.030606175580740237
6205,e_demand,2030,259,13,13,0.030606175580740237
6206,e_demand,2030,259,14,14,0.030606175580740237
6207,e_demand,2030,259,15,15,0.030606175580740237
6208,e_demand,2030,259,16,16,0.030606175580740237
6209,e_demand,2030,259,17,17,0.030606175580740237
6210,e_demand,2030,259,18,18,0.030606175580740237
6211,e_demand,2030,259,19,19,0.030606175580740237
6212,e_demand,2030,259,20,20,0.030606175580740237
6213,e_demand,2030,259,21,21,0.030606175580740237
6214,e_demand,2030,259,22,22,0.030606175580740237
6215,e_demand,2030,259,23,23,0.030606175580740237
6216,e_demand,2030,259,24,24,0.030606175580740237
6217,e_demand,2030,260,1,1,0.025571159509985786
6218,e_demand,2030,260,2,2,0.025571159509985786
6219,e_demand,2030,260,3,3,0.025571159509985786
6220,e_demand,2030,260,4,4,0.025571159509985786
6221,e_demand,2030,260,5,5,0.025571159509985786
6222,e_demand,2030,260,6,6,0.025571159509985786
6223,e_demand,2030,260,7,7,0.025571159509985786
6224,e_demand,2030,260,8,8,0.025571159509985786
6225,e_demand,2030,260,9,9,0.025571159509985786
6226,e_demand,2030,260,10,10,0.025571159509985786
6227,e_demand,2030,260,11,11,0.025571159509985786
6228,e_demand,2030,260,12,12,0.0010228463803994314
6229,e_demand,2030,260,13,13,0.0010228463803994314
6230,e_demand,2030,260,14,14,0.0010228463803994314
6231,e_demand,2030,260,15,15,0.0010228463803994314
6232,e_demand,2030,260,16,16,0.0010228463803994314
6233,e_demand,2030,260,17,17,0.0010228463803994314
6234,e_demand,2030,260,18,18,0.025571159509985786
6235,e_demand,2030,260,19,19,0.025571159509985786
6236,e_demand,2030,260,20,20,0.025571159509985786
6237,e_demand,2030,260,21,21,0.025571159509985786
6238,e_demand,2030,260,22,22,0.025571159509985786
6239,e_demand,2030,260,23,23,0.025571159509985786
6240,e_demand,2030,260,24,24,0.025571159509985786
6241,e_demand,2030,261,1,1,0.028690780377267234
6242,e_demand,2030,261,2,2,0.028690780377267234
6243,e_demand,2030,261,3,3,0.028690780377267234
6244,e_demand,2030,261,4,4,0.028690780377267234
6245,e_demand,2030,261,5,5,0.028690780377267234
6246,e_demand,2030,261,6,6,0.028690780377267234
6247,e_demand,2030,261,7,7,0.028690780377267234
6248,e_demand,2030,261,8,8,0.028690780377267234
6249,e_demand,2030,261,9,9,0.028690780377267234
6250,e_demand,2030,261,10,10,0.028690780377267234
6251,e_demand,2030,261,11,11,0.028690780377267234
6252,e_demand,2030,261,12,12,0.028690780377267234
6253,e_demand,2030,261,13,13,0.028690780377267234
6254,e_demand,2030,261,14,14,0.028690780377267234
6255,e_demand,2030,261,15,15,0.028690780377267234
6256,e_demand,2030,261,16,16,0.028690780377267234
6257,e_demand,2030,261,17,17,0.028690780377267234
6258,e_demand,2030,261,18,18,0.04016709252817413
6259,e_demand,2030,261,19,19,0.04016709252817413
6260,e_demand,2030,261,20,20,0.04016709252817413
6261,e_demand,2030,261,21,21,0.04016709252817413
6262,e_demand,2030,261,22,22,0.04016709252817413
6263,e_demand,2030,261,23,23,0.028690780377267234
6264,e_demand,2030,261,24,24,0.028690780377267234
6265,e_demand,2030,262,1,1,0.049207928426004625
6266,e_demand,2030,262,2,2,0.049207928426004625
6267,e_demand,2030,262,3,3,0.049207928426004625
6268,e_demand,2030,262,4,4,0.049207928426004625
6269,e_demand,2030,262,5,5,0.049207928426004625
6270,e_demand,2030,262,6,6,0.049207928426004625
6271,e_demand,2030,262,7,7,0.049207928426004625
6272,e_demand,2030,262,8,8,0.049207928426004625
6273,e_demand,2030,262,9,9,0.049207928426004625
6274,e_demand,2030,262,10,10,0.049207928426004625
6275,e_demand,2030,262,11,11,0.001968317137040185
6276,e_demand,2030,262,12,12,0.001968317137040185
6277,e_demand,2030,262,13,13,0.001968317137040185
6278,e_demand,2030,262,14,14,0.001968317137040185
6279,e_demand,2030,262,15,15,0.001968317137040185
6280,e_demand,2030,262,16,16,0.001968317137040185
6281,e_demand,2030,262,17,17,0.049207928426004625
6282,e_demand,2030,262,18,18,0.049207928426004625
6283,e_demand,2030,262,19,19,0.049207928426004625
6284,e_demand,2030,262,20,20,0.049207928426004625
6285,e_demand,2030,262,21,21,0.049207928426004625
6286,e_demand,2030,262,22,22,0.049207928426004625
6287,e_demand,2030,262,23,23,0.049207928426004625
6288,e_demand,2030,262,24,24,0.049207928426004625
6289,e_demand,2030,263,1,1,0.04562154029389559
6290,e_demand,2030,263,2,2,0.04562154029389559
6291,e_demand,2030,263,3,3,0.04562154029389559
6292,e_demand,2030,263,4,4,0.04562154029389559
6293,e_demand,2030,263,5,5,0.04562154029389559
6294,e_demand,2030,263,6,6,0.04562154029389559
6295,e_demand,2030,263,7,7,0.04562154029389559
6296,e_demand,2030,263,8,8,0.04562154029389559
6297,e_demand,2030,263,9,9,0.04562154029389559
6298,e_demand,2030,263,10,10,0.04562154029389559
6299,e_demand,2030,263,11,11,0.04562154029389559
6300,e_demand,2030,263,12,12,0.04562154029389559
6301,e_demand,2030,263,13,13,0.04562154029389559
6302,e_demand,2030,263,14,14,0.04562154029389559
6303,e_demand,2030,263,15,15,0.04562154029389559
6304,e_demand,2030,263,16,16,0.04562154029389559
6305,e_demand,2030,263,17,17,0.04562154029389559
6306,e_demand,2030,263,18,18,0.04562154029389559
6307,e_demand,2030,263,19,19,0.06387015641145383
6308,e_demand,2030,263,20,20,0.06387015641145383
6309,e_demand,2030,263,21,21,0.06387015641145383
6310,e_demand,2030,263,22,22,0.04562154029389559
6311,e_demand,2030,263,23,23,0.04562154029389559
6312,e_demand,2030,263,24,24,0.04562154029389559
6313,e_demand,2030,264,1,1,0.044108950056625594
6314,e_demand,2030,264,2,2,0.044108950056625594
6315,e_demand,2030,264,3,3,0.044108950056625594
6316,e_demand,2030,264,4,4,0.044108950056625594
6317,e_demand,2030,264,5,5,0.044108950056625594
6318,e_demand,2030,264,6,6,0.044108950056625594
6319,e_demand,2030,264,7,7,0.044108950056625594
6320,e_demand,2030,264,8,8,0.044108950056625594
6321,e_demand,2030,264,9,9,0.044108950056625594
6322,e_demand,2030,264,10,10,0.044108950056625594
6323,e_demand,2030,264,11,11,0.044108950056625594
6324,e_demand,2030,264,12,12,0.044108950056625594
6325,e_demand,2030,264,13,13,0.044108950056625594
6326,e_demand,2030,264,14,14,0.044108950056625594
6327,e_demand,2030,264,15,15,0.044108950056625594
6328,e_demand,2030,264,16,16,0.044108950056625594
6329,e_demand,2030,264,17,17,0.044108950056625594
6330,e_demand,2030,264,18,18,0.06175253007927583
6331,e_demand,2030,264,19,19,0.06175253007927583
6332,e_demand,2030,264,20,20,17.643580022650237
6333,e_demand,2030,264,21,21,0.06175253007927583
6334,e_demand,2030,264,22,22,0.06175253007927583
6335,e_demand,2030,264,23,23,0.06175253007927583
6336,e_demand,2030,264,24,24,0.06175253007927583
6337,e_demand,2030,265,1,1,0.04392049878339547
6338,e_demand,2030,265,2,2,0.04392049878339547
6339,e_demand,2030,265,3,3,0.04392049878339547
6340,e_demand,2030,265,4,4,0.04392049878339547
6341,e_demand,2030,265,5,5,0.04392049878339547
6342,e_demand,2030,265,6,6,0.04392049878339547
6343,e_demand,2030,265,7,7,0.04392049878339547
6344,e_demand,2030,265,8,8,0.04392049878339547
6345,e_demand,2030,265,9,9,0.04392049878339547
6346,e_demand,2030,265,10,10,0.04392049878339547
6347,e_demand,2030,265,11,11,0.04392049878339547
6348,e_demand,2030,265,12,12,0.0017568199513358187
6349,e_demand,2030,265,13,13,0.0017568199513358187
6350,e_demand,2030,265,14,14,0.0017568199513358187
6351,e_demand,2030,265,15,15,0.0017568199513358187
6352,e_demand,2030,265,16,16,0.0017568199513358187
6353,e_demand,2030,265,17,17,0.0017568199513358187
6354,e_demand,2030,265,18,18,0.04392049878339547
6355,e_demand,2030,265,19,19,0.04392049878339547
6356,e_demand,2030,265,20,20,0.04392049878339547
6357,e_demand,2030,265,21,21,0.04392049878339547
6358,e_demand,2030,265,22,22,0.04392049878339547
6359,e_demand,2030,265,23,23,0.04392049878339547
6360,e_demand,2030,265,24,24,0.04392049878339547
6361,e_demand,2030,266,1,1,0.025
6362,e_demand,2030,266,2,2,0.025
6363,e_demand,2030,266,3,3,0.025
6364,e_demand,2030,266,4,4,0.025
6365,e_demand,2030,266,5,5,0.025
6366,e_demand,2030,266,6,6,0.025
6367,e_demand,2030,266,7,7,0.025
6368,e_demand,2030,266,8,8,0.025
6369,e_demand,2030,266,9,9,0.025
6370,e_demand,2030,266,10,10,0.025
6371,e_demand,2030,266,11,11,0.025
6372,e_demand,2030,266,12,12,0.025
6373,e_demand,2030,266,13,13,0.025
6374,e_demand,2030,266,14,14,0.001
6375,e_demand,2030,266,15,15,0.001
6376,e_demand,2030,266,16,16,0.001
6377,e_demand,2030,266,17,17,0.025
6378,e_demand,2030,266,18,18,0.025
6379,e_demand,2030,266,19,19,0.025
6380,e_demand,2030,266,20,20,0.025
6381,e_demand,2030,266,21,21,0.025
6382,e_demand,2030,266,22,22,0.025
6383,e_demand,2030,266,23,23,0.025
6384,e_demand,2030,266,24,24,0.025
6385,e_demand,2030,267,1,1,0.04303052866139297
6386,e_demand,2030,267,2,2,0.04303052866139297
6387,e_demand,2030,267,3,3,0.04303052866139297
6388,e_demand,2030,267,4,4,0.04303052866139297
6389,e_demand,2030,267,5,5,0.04303052866139297
6390,e_demand,2030,267,6,6,0.04303052866139297
6391,e_demand,2030,267,7,7,0.04303052866139297
6392,e_demand,2030,267,8,8,0.04303052866139297
6393,e_demand,2030,267,9,9,0.04303052866139297
6394,e_demand,2030,267,10,10,0.04303052866139297
6395,e_demand,2030,267,11,11,0.04303052866139297
6396,e_demand,2030,267,12,12,0.04303052866139297
6397,e_demand,2030,267,13,13,0.0017212211464557186
6398,e_demand,2030,267,14,14,0.0017212211464557186
6399,e_demand,2030,267,15,15,0.0017212211464557186
6400,e_demand,2030,267,16,16,0.0017212211464557186
6401,e_demand,2030,267,17,17,0.0017212211464557186
6402,e_demand,2030,267,18,18,0.04303052866139297
6403,e_demand,2030,267,19,19,0.04303052866139297
6404,e_demand,2030,267,20,20,0.04303052866139297
6405,e_demand,2030,267,21,21,0.04303052866139297
6406,e_demand,2030,267,22,22,0.04303052866139297
6407,e_demand,2030,267,23,23,0.04303052866139297
6408,e_demand,2030,267,24,24,0.04303052866139297
6409,e_demand,2030,268,1,1,0.037091662024418874
6410,e_demand,2030,268,2,2,0.037091662024418874
6411,e_demand,2030,268,3,3,0.037091662024418874
6412,e_demand,2030,268,4,4,0.037091662024418874
6413,e_demand,2030,268,5,5,0.037091662024418874
6414,e_demand,2030,268,6,6,0.037091662024418874
6415,e_demand,2030,268,7,7,0.037091662024418874
6416,e_demand,2030,268,8,8,0.037091662024418874
6417,e_demand,2030,268,9,9,0.037091662024418874
6418,e_demand,2030,268,10,10,0.037091662024418874
6419,e_demand,2030,268,11,11,0.037091662024418874
6420,e_demand,2030,268,12,12,0.037091662024418874
6421,e_demand,2030,268,13,13,0.037091662024418874
6422,e_demand,2030,268,14,14,0.037091662024418874
6423,e_demand,2030,268,15,15,0.037091662024418874
6424,e_demand,2030,268,16,16,0.037091662024418874
6425,e_demand,2030,268,17,17,0.037091662024418874
6426,e_demand,2030,268,18,18,0.037091662024418874
6427,e_demand,2030,268,19,19,0.037091662024418874
6428,e_demand,2030,268,20,20,0.037091662024418874
6429,e_demand,2030,268,21,21,0.037091662024418874
6430,e_demand,2030,268,22,22,0.037091662024418874
6431,e_demand,2030,268,23,23,0.037091662024418874
6432,e_demand,2030,268,24,24,0.037091662024418874
6433,e_demand,2030,269,1,1,0.03128627430310938
6434,e_demand,2030,269,2,2,0.03128627430310938
6435,e_demand,2030,269,3,3,0.03128627430310938
6436,e_demand,2030,269,4,4,0.03128627430310938
6437,e_demand,2030,269,5,5,0.03128627430310938
6438,e_demand,2030,269,6,6,0.03128627430310938
6439,e_demand,2030,269,7,7,0.03128627430310938
6440,e_demand,2030,269,8,8,0.03128627430310938
6441,e_demand,2030,269,9,9,0.03128627430310938
6442,e_demand,2030,269,10,10,0.03128627430310938
6443,e_demand,2030,269,11,11,0.03128627430310938
6444,e_demand,2030,269,12,12,0.03128627430310938
6445,e_demand,2030,269,13,13,0.03128627430310938
6446,e_demand,2030,269,14,14,0.03128627430310938
6447,e_demand,2030,269,15,15,0.03128627430310938
6448,e_demand,2030,269,16,16,0.03128627430310938
6449,e_demand,2030,269,17,17,0.03128627430310938
6450,e_demand,2030,269,18,18,0.03128627430310938
6451,e_demand,2030,269,19,19,0.03128627430310938
6452,e_demand,2030,269,20,20,0.03128627430310938
6453,e_demand,2030,269,21,21,0.03128627430310938
6454,e_demand,2030,269,22,22,0.03128627430310938
6455,e_demand,2030,269,23,23,0.03128627430310938
6456,e_demand,2030,269,24,24,0.03128627430310938
6457,e_demand,2030,270,1,1,0.0273861076438439
6458,e_demand,2030,270,2,2,0.0273861076438439
6459,e_demand,2030,270,3,3,0.0273861076438439
6460,e_demand,2030,270,4,4,0.0273861076438439
6461,e_demand,2030,270,5,5,0.0273861076438439
6462,e_demand,2030,270,6,6,0.0273861076438439
6463,e_demand,2030,270,7,7,0.0273861076438439
6464,e_demand,2030,270,8,8,0.0273861076438439
6465,e_demand,2030,270,9,9,0.001095444305753756
6466,e_demand,2030,270,10,10,0.001095444305753756
6467,e_demand,2030,270,11,11,0.001095444305753756
6468,e_demand,2030,270,12,12,0.001095444305753756
6469,e_demand,2030,270,13,13,0.001095444305753756
6470,e_demand,2030,270,14,14,0.001095444305753756
6471,e_demand,2030,270,15,15,0.001095444305753756
6472,e_demand,2030,270,16,16,0.001095444305753756
6473,e_demand,2030,270,17,17,0.001095444305753756
6474,e_demand,2030,270,18,18,0.0273861076438439
6475,e_demand,2030,270,19,19,0.0273861076438439
6476,e_demand,2030,270,20,20,0.0273861076438439
6477,e_demand,2030,270,21,21,0.0273861076438439
6478,e_demand,2030,270,22,22,0.0273861076438439
6479,e_demand,2030,270,23,23,0.0273861076438439
6480,e_demand,2030,270,24,24,0.0273861076438439
6481,e_demand,2030,271,1,1,0.025
6482,e_demand,2030,271,2,2,0.025
6483,e_demand,2030,271,3,3,0.025
6484,e_demand,2030,271,4,4,0.025
6485,e_demand,2030,271,5,5,0.025
6486,e_demand,2030,271,6,6,0.025
6487,e_demand,2030,271,7,7,0.025
6488,e_demand,2030,271,8,8,0.025
6489,e_demand,2030,271,9,9,0.025
6490,e_demand,2030,271,10,10,0.001
6491,e_demand,2030,271,11,11,0.001
6492,e_demand,2030,271,12,12,0.001
6493,e_demand,2030,271,13,13,0.0
6494,e_demand,2030,271,14,14,0.001
6495,e_demand,2030,271,15,15,0.001
6496,e_demand,2030,271,16,16,0.001
6497,e_demand,2030,271,17,17,0.025
6498,e_demand,2030,271,18,18,0.025
6499,e_demand,2030,271,19,19,0.025
6500,e_demand,2030,271,20,20,0.025
6501,e_demand,2030,271,21,21,0.025
6502,e_demand,2030,271,22,22,0.025
6503,e_demand,2030,271,23,23,0.025
6504,e_demand,2030,271,24,24,0.025
6505,e_demand,2030,272,1,1,0.025
6506,e_demand,2030,272,2,2,0.025
6507,e_demand,2030,272,3,3,0.025
6508,e_demand,2030,272,4,4,0.025
6509,e_demand,2030,272,5,5,0.025
6510,e_demand,2030,272,6,6,0.025
6511,e_demand,2030,272,7,7,0.025
6512,e_demand,2030,272,8,8,0.025
6513,e_demand,2030,272,9,9,0.025
6514,e_demand,2030,272,10,10,0.025
6515,e_demand,2030,272,11,11,0.025
6516,e_demand,2030,272,12,12,0.001
6517,e_demand,2030,272,13,13,0.0
6518,e_demand,2030,272,14,14,0.001
6519,e_demand,2030,272,15,15,0.025
6520,e_demand,2030,272,16,16,0.025
6521,e_demand,2030,272,17,17,0.025
6522,e_demand,2030,272,18,18,0.025
6523,e_demand,2030,272,19,19,0.025
6524,e_demand,2030,272,20,20,0.025
6525,e_demand,2030,272,21,21,0.025
6526,e_demand,2030,272,22,22,0.025
6527,e_demand,2030,272,23,23,0.025
6528,e_demand,2030,272,24,24,0.025
6529,e_demand,2030,273,1,1,0.043635099122618426
6530,e_demand,2030,273,2,2,0.043635099122618426
6531,e_demand,2030,273,3,3,0.043635099122618426
6532,e_demand,2030,273,4,4,0.043635099122618426
6533,e_demand,2030,273,5,5,0.043635099122618426
6534,e_demand,2030,273,6,6,0.043635099122618426
6535,e_demand,2030,273,7,7,0.043635099122618426
6536,e_demand,2030,273,8,8,0.043635099122618426
6537,e_demand,2030,273,9,9,0.043635099122618426
6538,e_demand,2030,273,10,10,0.043635099122618426
6539,e_demand,2030,273,11,11,0.043635099122618426
6540,e_demand,2030,273,12,12,0.043635099122618426
6541,e_demand,2030,273,13,13,0.043635099122618426
6542,e_demand,2030,273,14,14,0.043635099122618426
6543,e_demand,2030,273,15,15,0.043635099122618426
6544,e_demand,2030,273,16,16,0.043635099122618426
6545,e_demand,2030,273,17,17,0.043635099122618426
6546,e_demand,2030,273,18,18,0.043635099122618426
6547,e_demand,2030,273,19,19,0.043635099122618426
6548,e_demand,2030,273,20,20,0.043635099122618426
6549,e_demand,2030,273,21,21,0.043635099122618426
6550,e_demand,2030,273,22,22,0.043635099122618426
6551,e_demand,2030,273,23,23,0.043635099122618426
6552,e_demand,2030,273,24,24,0.043635099122618426
6553,e_demand,2030,274,1,1,0.03109711718384217
6554,e_demand,2030,274,2,2,0.03109711718384217
6555,e_demand,2030,274,3,3,0.03109711718384217
6556,e_demand,2030,274,4,4,0.03109711718384217
6557,e_demand,2030,274,5,5,0.03109711718384217
6558,e_demand,2030,274,6,6,0.03109711718384217
6559,e_demand,2030,274,7,7,0.03109711718384217
6560,e_demand,2030,274,8,8,0.03109711718384217
6561,e_demand,2030,274,9,9,0.03109711718384217
6562,e_demand,2030,274,10,10,0.03109711718384217
6563,e_demand,2030,274,11,11,0.03109711718384217
6564,e_demand,2030,274,12,12,0.03109711718384217
6565,e_demand,2030,274,13,13,0.03109711718384217
6566,e_demand,2030,274,14,14,0.03109711718384217
6567,e_demand,2030,274,15,15,0.03109711718384217
6568,e_demand,2030,274,16,16,0.03109711718384217
6569,e_demand,2030,274,17,17,0.03109711718384217
6570,e_demand,2030,274,18,18,0.03109711718384217
6571,e_demand,2030,274,19,19,0.03109711718384217
6572,e_demand,2030,274,20,20,0.03109711718384217
6573,e_demand,2030,274,21,21,0.03109711718384217
6574,e_demand,2030,274,22,22,0.03109711718384217
6575,e_demand,2030,274,23,23,0.03109711718384217
6576,e_demand,2030,274,24,24,0.03109711718384217
6577,e_demand,2030,275,1,1,0.03432572943652795
6578,e_demand,2030,275,2,2,0.03432572943652795
6579,e_demand,2030,275,3,3,0.03432572943652795
6580,e_demand,2030,275,4,4,0.03432572943652795
6581,e_demand,2030,275,5,5,0.03432572943652795
6582,e_demand,2030,275,6,6,0.03432572943652795
6583,e_demand,2030,275,7,7,0.03432572943652795
6584,e_demand,2030,275,8,8,0.03432572943652795
6585,e_demand,2030,275,9,9,0.03432572943652795
6586,e_demand,2030,275,10,10,0.03432572943652795
6587,e_demand,2030,275,11,11,0.03432572943652795
6588,e_demand,2030,275,12,12,0.03432572943652795
6589,e_demand,2030,275,13,13,0.03432572943652795
6590,e_demand,2030,275,14,14,0.03432572943652795
6591,e_demand,2030,275,15,15,0.03432572943652795
6592,e_demand,2030,275,16,16,0.03432572943652795
6593,e_demand,2030,275,17,17,0.03432572943652795
6594,e_demand,2030,275,18,18,0.03432572943652795
6595,e_demand,2030,275,19,19,0.03432572943652795
6596,e_demand,2030,275,20,20,0.03432572943652795
6597,e_demand,2030,275,21,21,0.03432572943652795
6598,e_demand,2030,275,22,22,0.03432572943652795
6599,e_demand,2030,275,23,23,0.03432572943652795
6600,e_demand,2030,275,24,24,0.03432572943652795
6601,e_demand,2030,276,1,1,0.025
6602,e_demand,2030,276,2,2,0.025
6603,e_demand,2030,276,3,3,0.025
6604,e_demand,2030,276,4,4,0.025
6605,e_demand,2030,276,5,5,0.025
6606,e_demand,2030,276,6,6,0.025
6607,e_demand,2030,276,7,7,0.025
6608,e_demand,2030,276,8,8,0.025
6609,e_demand,2030,276,9,9,0.025
6610,e_demand,2030,276,10,10,0.025
6611,e_demand,2030,276,11,11,0.025
6612,e_demand,2030,276,12,12,0.025
6613,e_demand,2030,276,13,13,0.025
6614,e_demand,2030,276,14,14,0.025
6615,e_demand,2030,276,15,15,0.025
6616,e_demand,2030,276,16,16,0.025
6617,e_demand,2030,276,17,17,0.025
6618,e_demand,2030,276,18,18,0.025
6619,e_demand,2030,276,19,19,0.025
6620,e_demand,2030,276,20,20,0.025
6621,e_demand,2030,276,21,21,0.025
6622,e_demand,2030,276,22,22,0.025
6623,e_demand,2030,276,23,23,0.025
6624,e_demand,2030,276,24,24,0.025
6625,e_demand,2030,277,1,1,0.025
6626,e_demand,2030,277,2,2,0.025
6627,e_demand,2030,277,3,3,0.025
6628,e_demand,2030,277,4,4,0.025
6629,e_demand,2030,277,5,5,0.025
6630,e_demand,2030,277,6,6,0.025
6631,e_demand,2030,277,7,7,0.025
6632,e_demand,2030,277,8,8,0.025
6633,e_demand,2030,277,9,9,0.025
6634,e_demand,2030,277,10,10,0.025
6635,e_demand,2030,277,11,11,0.025
6636,e_demand,2030,277,12,12,0.025
6637,e_demand,2030,277,13,13,0.001
6638,e_demand,2030,277,14,14,0.001
6639,e_demand,2030,277,15,15,0.001
6640,e_demand,2030,277,16,16,0.025
6641,e_demand,2030,277,17,17,0.025
6642,e_demand,2030,277,18,18,0.025
6643,e_demand,2030,277,19,19,0.025
6644,e_demand,2030,277,20,20,0.025
6645,e_demand,2030,277,21,21,0.025
6646,e_demand,2030,277,22,22,0.025
6647,e_demand,2030,277,23,23,0.025
6648,e_demand,2030,277,24,24,0.025
6649,e_demand,2030,278,1,1,0.025
6650,e_demand,2030,278,2,2,0.025
6651,e_demand,2030,278,3,3,0.025
6652,e_demand,2030,278,4,4,0.025
6653,e_demand,2030,278,5,5,0.025
6654,e_demand,2030,278,6,6,0.025
6655,e_demand,2030,278,7,7,0.025
6656,e_demand,2030,278,8,8,0.025
6657,e_demand,2030,278,9,9,0.025
6658,e_demand,2030,278,10,10,0.025
6659,e_demand,2030,278,11,11,0.025
6660,e_demand,2030,278,12,12,0.025
6661,e_demand,2030,278,13,13,0.001
6662,e_demand,2030,278,14,14,0.001
6663,e_demand,2030,278,15,15,0.025
6664,e_demand,2030,278,16,16,0.025
6665,e_demand,2030,278,17,17,0.025
6666,e_demand,2030,278,18,18,0.025
6667,e_demand,2030,278,19,19,0.025
6668,e_demand,2030,278,20,20,0.025
6669,e_demand,2030,278,21,21,0.025
6670,e_demand,2030,278,22,22,0.025
6671,e_demand,2030,278,23,23,0.025
6672,e_demand,2030,278,24,24,0.025
6673,e_demand,2030,279,1,1,0.0334914255673637
6674,e_demand,2030,279,2,2,0.0334914255673637
6675,e_demand,2030,279,3,3,0.0334914255673637
6676,e_demand,2030,279,4,4,0.0334914255673637
6677,e_demand,2030,279,5,5,0.0334914255673637
6678,e_demand,2030,279,6,6,0.0334914255673637
6679,e_demand,2030,279,7,7,0.0334914255673637
6680,e_demand,2030,279,8,8,0.0334914255673637
6681,e_demand,2030,279,9,9,0.0334914255673637
6682,e_demand,2030,279,10,10,0.0334914255673637
6683,e_demand,2030,279,11,11,0.0334914255673637
6684,e_demand,2030,279,12,12,0.0334914255673637
6685,e_demand,2030,279,13,13,0.0334914255673637
6686,e_demand,2030,279,14,14,0.0013396570226945482
6687,e_demand,2030,279,15,15,0.0334914255673637
6688,e_demand,2030,279,16,16,0.0334914255673637
6689,e_demand,2030,279,17,17,0.0334914255673637
6690,e_demand,2030,279,18,18,0.0334914255673637
6691,e_demand,2030,279,19,19,0.0334914255673637
6692,e_demand,2030,279,20,20,0.0334914255673637
6693,e_demand,2030,279,21,21,0.0334914255673637
6694,e_demand,2030,279,22,22,0.0334914255673637
6695,e_demand,2030,279,23,23,0.0334914255673637
6696,e_demand,2030,279,24,24,0.0334914255673637
6697,e_demand,2030,280,1,1,0.025
6698,e_demand,2030,280,2,2,0.025
6699,e_demand,2030,280,3,3,0.025
6700,e_demand,2030,280,4,4,0.025
6701,e_demand,2030,280,5,5,0.025
6702,e_demand,2030,280,6,6,0.025
6703,e_demand,2030,280,7,7,0.025
6704,e_demand,2030,280,8,8,0.025
6705,e_demand,2030,280,9,9,0.025
6706,e_demand,2030,280,10,10,0.025
6707,e_demand,2030,280,11,11,0.025
6708,e_demand,2030,280,12,12,0.025
6709,e_demand,2030,280,13,13,0.025
6710,e_demand,2030,280,14,14,0.025
6711,e_demand,2030,280,15,15,0.025
6712,e_demand,2030,280,16,16,0.025
6713,e_demand,2030,280,17,17,0.025
6714,e_demand,2030,280,18,18,0.025
6715,e_demand,2030,280,19,19,0.025
6716,e_demand,2030,280,20,20,0.025
6717,e_demand,2030,280,21,21,0.025
6718,e_demand,2030,280,22,22,0.025
6719,e_demand,2030,280,23,23,0.025
6720,e_demand,2030,280,24,24,0.025
6721,e_demand,2030,281,1,1,0.03632261207786384
6722,e_demand,2030,281,2,2,0.03632261207786384
6723,e_demand,2030,281,3,3,0.03632261207786384
6724,e_demand,2030,281,4,4,0.03632261207786384
6725,e_demand,2030,281,5,5,0.03632261207786384
6726,e_demand,2030,281,6,6,0.03632261207786384
6727,e_demand,2030,281,7,7,0.03632261207786384
6728,e_demand,2030,281,8,8,0.03632261207786384
6729,e_demand,2030,281,9,9,0.03632261207786384
6730,e_demand,2030,281,10,10,0.03632261207786384
6731,e_demand,2030,281,11,11,0.03632261207786384
6732,e_demand,2030,281,12,12,0.0014529044831145534
6733,e_demand,2030,281,13,13,0.0014529044831145534
6734,e_demand,2030,281,14,14,0.0014529044831145534
6735,e_demand,2030,281,15,15,0.0014529044831145534
6736,e_demand,2030,281,16,16,0.0014529044831145534
6737,e_demand,2030,281,17,17,0.0014529044831145534
6738,e_demand,2030,281,18,18,0.0014529044831145534
6739,e_demand,2030,281,19,19,0.03632261207786384
6740,e_demand,2030,281,20,20,0.03632261207786384
6741,e_demand,2030,281,21,21,0.03632261207786384
6742,e_demand,2030,281,22,22,0.03632261207786384
6743,e_demand,2030,281,23,23,0.03632261207786384
6744,e_demand,2030,281,24,24,0.03632261207786384
6745,e_demand,2030,282,1,1,0.0024901149145594176
6746,e_demand,2030,282,2,2,0.0024901149145594176
6747,e_demand,2030,282,3,3,0.0024901149145594176
6748,e_demand,2030,282,4,4,0.0024901149145594176
6749,e_demand,2030,282,5,5,0.0024901149145594176
6750,e_demand,2030,282,6,6,0.062252872863985446
6751,e_demand,2030,282,7,7,0.062252872863985446
6752,e_demand,2030,282,8,8,0.062252872863985446
6753,e_demand,2030,282,9,9,0.062252872863985446
6754,e_demand,2030,282,10,10,0.062252872863985446
6755,e_demand,2030,282,11,11,0.062252872863985446
6756,e_demand,2030,282,12,12,0.0024901149145594176
6757,e_demand,2030,282,13,13,0.0024901149145594176
6758,e_demand,2030,282,14,14,0.0024901149145594176
6759,e_demand,2030,282,15,15,0.0024901149145594176
6760,e_demand,2030,282,16,16,0.0024901149145594176
6761,e_demand,2030,282,17,17,0.062252872863985446
6762,e_demand,2030,282,18,18,0.062252872863985446
6763,e_demand,2030,282,19,19,0.062252872863985446
6764,e_demand,2030,282,20,20,0.062252872863985446
6765,e_demand,2030,282,21,21,0.062252872863985446
6766,e_demand,2030,282,22,22,0.062252872863985446
6767,e_demand,2030,282,23,23,0.062252872863985446
6768,e_demand,2030,282,24,24,0.062252872863985446
6769,e_demand,2030,283,1,1,0.06231525387837597
6770,e_demand,2030,283,2,2,0.06231525387837597
6771,e_demand,2030,283,3,3,0.06231525387837597
6772,e_demand,2030,283,4,4,0.06231525387837597
6773,e_demand,2030,283,5,5,0.06231525387837597
6774,e_demand,2030,283,6,6,0.06231525387837597
6775,e_demand,2030,283,7,7,0.06231525387837597
6776,e_demand,2030,283,8,8,0.06231525387837597
6777,e_demand,2030,283,9,9,0.06231525387837597
6778,e_demand,2030,283,10,10,0.06231525387837597
6779,e_demand,2030,283,11,11,0.06231525387837597
6780,e_demand,2030,283,12,12,0.0024926101551350386
6781,e_demand,2030,283,13,13,0.0024926101551350386
6782,e_demand,2030,283,14,14,0.0024926101551350386
6783,e_demand,2030,283,15,15,0.0024926101551350386
6784,e_demand,2030,283,16,16,0.0024926101551350386
6785,e_demand,2030,283,17,17,0.06231525387837597
6786,e_demand,2030,283,18,18,0.06231525387837597
6787,e_demand,2030,283,19,19,0.06231525387837597
6788,e_demand,2030,283,20,20,0.06231525387837597
6789,e_demand,2030,283,21,21,0.06231525387837597
6790,e_demand,2030,283,22,22,0.06231525387837597
6791,e_demand,2030,283,23,23,0.06231525387837597
6792,e_demand,2030,283,24,24,0.06231525387837597
6793,e_demand,2030,284,1,1,0.03433068926806079
6794,e_demand,2030,284,2,2,0.03433068926806079
6795,e_demand,2030,284,3,3,0.03433068926806079
6796,e_demand,2030,284,4,4,0.03433068926806079
6797,e_demand,2030,284,5,5,0.03433068926806079
6798,e_demand,2030,284,6,6,0.03433068926806079
6799,e_demand,2030,284,7,7,0.03433068926806079
6800,e_demand,2030,284,8,8,0.03433068926806079
6801,e_demand,2030,284,9,9,0.03433068926806079
6802,e_demand,2030,284,10,10,0.03433068926806079
6803,e_demand,2030,284,11,11,0.03433068926806079
6804,e_demand,2030,284,12,12,0.03433068926806079
6805,e_demand,2030,284,13,13,0.03433068926806079
6806,e_demand,2030,284,14,14,0.03433068926806079
6807,e_demand,2030,284,15,15,0.03433068926806079
6808,e_demand,2030,284,16,16,0.03433068926806079
6809,e_demand,2030,284,17,17,0.03433068926806079
6810,e_demand,2030,284,18,18,0.048062964975285116
6811,e_demand,2030,284,19,19,0.048062964975285116
6812,e_demand,2030,284,20,20,0.048062964975285116
6813,e_demand,2030,284,21,21,0.048062964975285116
6814,e_demand,2030,284,22,22,0.03433068926806079
6815,e_demand,2030,284,23,23,0.03433068926806079
6816,e_demand,2030,284,24,24,0.03433068926806079
6817,e_demand,2030,285,1,1,0.032258362690214704
6818,e_demand,2030,285,2,2,0.032258362690214704
6819,e_demand,2030,285,3,3,0.032258362690214704
6820,e_demand,2030,285,4,4,0.032258362690214704
6821,e_demand,2030,285,5,5,0.032258362690214704
6822,e_demand,2030,285,6,6,0.032258362690214704
6823,e_demand,2030,285,7,7,0.032258362690214704
6824,e_demand,2030,285,8,8,0.032258362690214704
6825,e_demand,2030,285,9,9,0.032258362690214704
6826,e_demand,2030,285,10,10,0.032258362690214704
6827,e_demand,2030,285,11,11,0.032258362690214704
6828,e_demand,2030,285,12,12,0.032258362690214704
6829,e_demand,2030,285,13,13,0.032258362690214704
6830,e_demand,2030,285,14,14,0.032258362690214704
6831,e_demand,2030,285,15,15,0.032258362690214704
6832,e_demand,2030,285,16,16,0.032258362690214704
6833,e_demand,2030,285,17,17,0.032258362690214704
6834,e_demand,2030,285,18,18,0.032258362690214704
6835,e_demand,2030,285,19,19,0.04516170776630059
6836,e_demand,2030,285,20,20,0.04516170776630059
6837,e_demand,2030,285,21,21,0.04516170776630059
6838,e_demand,2030,285,22,22,0.04516170776630059
6839,e_demand,2030,285,23,23,0.04516170776630059
6840,e_demand,2030,285,24,24,0.04516170776630059
6841,e_demand,2030,286,1,1,0.03504404351706116
6842,e_demand,2030,286,2,2,0.03504404351706116
6843,e_demand,2030,286,3,3,0.03504404351706116
6844,e_demand,2030,286,4,4,0.03504404351706116
6845,e_demand,2030,286,5,5,0.03504404351706116
6846,e_demand,2030,286,6,6,0.03504404351706116
6847,e_demand,2030,286,7,7,0.03504404351706116
6848,e_demand,2030,286,8,8,0.03504404351706116
6849,e_demand,2030,286,9,9,0.03504404351706116
6850,e_demand,2030,286,10,10,0.03504404351706116
6851,e_demand,2030,286,11,11,0.03504404351706116
6852,e_demand,2030,286,12,12,0.0014017617406824466
6853,e_demand,2030,286,13,13,0.0014017617406824466
6854,e_demand,2030,286,14,14,0.0014017617406824466
6855,e_demand,2030,286,15,15,0.0014017617406824466
6856,e_demand,2030,286,16,16,0.0014017617406824466
6857,e_demand,2030,286,17,17,0.0014017617406824466
6858,e_demand,2030,286,18,18,0.03504404351706116
6859,e_demand,2030,286,19,19,0.03504404351706116
6860,e_demand,2030,286,20,20,0.03504404351706116
6861,e_demand,2030,286,21,21,0.03504404351706116
6862,e_demand,2030,286,22,22,0.03504404351706116
6863,e_demand,2030,286,23,23,0.03504404351706116
6864,e_demand,2030,286,24,24,0.03504404351706116
6865,e_demand,2030,287,1,1,0.06866783976816253
6866,e_demand,2030,287,2,2,0.06866783976816253
6867,e_demand,2030,287,3,3,0.06866783976816253
6868,e_demand,2030,287,4,4,0.06866783976816253
6869,e_demand,2030,287,5,5,0.06866783976816253
6870,e_demand,2030,287,6,6,0.06866783976816253
6871,e_demand,2030,287,7,7,0.06866783976816253
6872,e_demand,2030,287,8,8,0.06866783976816253
6873,e_demand,2030,287,9,9,0.06866783976816253
6874,e_demand,2030,287,10,10,0.002746713590726501
6875,e_demand,2030,287,11,11,0.002746713590726501
6876,e_demand,2030,287,12,12,0.002746713590726501
6877,e_demand,2030,287,13,13,0.002746713590726501
6878,e_demand,2030,287,14,14,0.002746713590726501
6879,e_demand,2030,287,15,15,0.002746713590726501
6880,e_demand,2030,287,16,16,0.002746713590726501
6881,e_demand,2030,287,17,17,0.002746713590726501
6882,e_demand,2030,287,18,18,0.06866783976816253
6883,e_demand,2030,287,19,19,0.06866783976816253
6884,e_demand,2030,287,20,20,0.06866783976816253
6885,e_demand,2030,287,21,21,0.06866783976816253
6886,e_demand,2030,287,22,22,0.06866783976816253
6887,e_demand,2030,287,23,23,0.06866783976816253
6888,e_demand,2030,287,24,24,0.06866783976816253
6889,e_demand,2030,288,1,1,0.09476458216115088
6890,e_demand,2030,288,2,2,0.09476458216115088
6891,e_demand,2030,288,3,3,0.09476458216115088
6892,e_demand,2030,288,4,4,0.09476458216115088
6893,e_demand,2030,288,5,5,0.09476458216115088
6894,e_demand,2030,288,6,6,0.09476458216115088
6895,e_demand,2030,288,7,7,0.09476458216115088
6896,e_demand,2030,288,8,8,0.09476458216115088
6897,e_demand,2030,288,9,9,0.09476458216115088
6898,e_demand,2030,288,10,10,0.09476458216115088
6899,e_demand,2030,288,11,11,0.0037905832864460354
6900,e_demand,2030,288,12,12,0.0037905832864460354
6901,e_demand,2030,288,13,13,0.0037905832864460354
6902,e_demand,2030,288,14,14,0.0037905832864460354
6903,e_demand,2030,288,15,15,0.0037905832864460354
6904,e_demand,2030,288,16,16,0.0037905832864460354
6905,e_demand,2030,288,17,17,0.0037905832864460354
6906,e_demand,2030,288,18,18,0.09476458216115088
6907,e_demand,2030,288,19,19,0.09476458216115088
6908,e_demand,2030,288,20,20,0.09476458216115088
6909,e_demand,2030,288,21,21,0.09476458216115088
6910,e_demand,2030,288,22,22,0.09476458216115088
6911,e_demand,2030,288,23,23,0.09476458216115088
6912,e_demand,2030,288,24,24,0.0037905832864460354
6913,e_demand,2030,289,1,1,0.07690059424885333
6914,e_demand,2030,289,2,2,0.07690059424885333
6915,e_demand,2030,289,3,3,0.07690059424885333
6916,e_demand,2030,289,4,4,0.07690059424885333
6917,e_demand,2030,289,5,5,0.07690059424885333
6918,e_demand,2030,289,6,6,0.07690059424885333
6919,e_demand,2030,289,7,7,0.07690059424885333
6920,e_demand,2030,289,8,8,0.07690059424885333
6921,e_demand,2030,289,9,9,0.07690059424885333
6922,e_demand,2030,289,10,10,0.07690059424885333
6923,e_demand,2030,289,11,11,0.003076023769954133
6924,e_demand,2030,289,12,12,0.003076023769954133
6925,e_demand,2030,289,13,13,0.003076023769954133
6926,e_demand,2030,289,14,14,0.003076023769954133
6927,e_demand,2030,289,15,15,0.003076023769954133
6928,e_demand,2030,289,16,16,0.003076023769954133
6929,e_demand,2030,289,17,17,0.07690059424885333
6930,e_demand,2030,289,18,18,0.07690059424885333
6931,e_demand,2030,289,19,19,0.07690059424885333
6932,e_demand,2030,289,20,20,0.07690059424885333
6933,e_demand,2030,289,21,21,0.07690059424885333
6934,e_demand,2030,289,22,22,0.07690059424885333
6935,e_demand,2030,289,23,23,0.07690059424885333
6936,e_demand,2030,289,24,24,0.07690059424885333
6937,e_demand,2030,290,1,1,0.025
6938,e_demand,2030,290,2,2,0.025
6939,e_demand,2030,290,3,3,0.025
6940,e_demand,2030,290,4,4,0.025
6941,e_demand,2030,290,5,5,0.025
6942,e_demand,2030,290,6,6,0.025
6943,e_demand,2030,290,7,7,0.025
6944,e_demand,2030,290,8,8,0.025
6945,e_demand,2030,290,9,9,0.025
6946,e_demand,2030,290,10,10,0.025
6947,e_demand,2030,290,11,11,0.025
6948,e_demand,2030,290,12,12,0.025
6949,e_demand,2030,290,13,13,0.025
6950,e_demand,2030,290,14,14,0.025
6951,e_demand,2030,290,15,15,0.025
6952,e_demand,2030,290,16,16,0.025
6953,e_demand,2030,290,17,17,0.025
6954,e_demand,2030,290,18,18,0.025
6955,e_demand,2030,290,19,19,0.025
6956,e_demand,2030,290,20,20,0.025
6957,e_demand,2030,290,21,21,0.025
6958,e_demand,2030,290,22,22,0.025
6959,e_demand,2030,290,23,23,0.025
6960,e_demand,2030,290,24,24,0.025
6961,e_demand,2030,291,1,1,0.03809485473032728
6962,e_demand,2030,291,2,2,0.03809485473032728
6963,e_demand,2030,291,3,3,0.03809485473032728
6964,e_demand,2030,291,4,4,0.03809485473032728
6965,e_demand,2030,291,5,5,0.03809485473032728
6966,e_demand,2030,291,6,6,0.03809485473032728
6967,e_demand,2030,291,7,7,0.03809485473032728
6968,e_demand,2030,291,8,8,0.03809485473032728
6969,e_demand,2030,291,9,9,0.03809485473032728
6970,e_demand,2030,291,10,10,0.03809485473032728
6971,e_demand,2030,291,11,11,0.03809485473032728
6972,e_demand,2030,291,12,12,0.03809485473032728
6973,e_demand,2030,291,13,13,0.03809485473032728
6974,e_demand,2030,291,14,14,0.03809485473032728
6975,e_demand,2030,291,15,15,0.03809485473032728
6976,e_demand,2030,291,16,16,0.03809485473032728
6977,e_demand,2030,291,17,17,0.03809485473032728
6978,e_demand,2030,291,18,18,0.03809485473032728
6979,e_demand,2030,291,19,19,0.03809485473032728
6980,e_demand,2030,291,20,20,0.03809485473032728
6981,e_demand,2030,291,21,21,0.03809485473032728
6982,e_demand,2030,291,22,22,0.03809485473032728
6983,e_demand,2030,291,23,23,0.03809485473032728
6984,e_demand,2030,291,24,24,0.03809485473032728
6985,e_demand,2030,292,1,1,0.03629950761449219
6986,e_demand,2030,292,2,2,0.03629950761449219
6987,e_demand,2030,292,3,3,0.03629950761449219
6988,e_demand,2030,292,4,4,0.03629950761449219
6989,e_demand,2030,292,5,5,0.03629950761449219
6990,e_demand,2030,292,6,6,0.03629950761449219
6991,e_demand,2030,292,7,7,0.03629950761449219
6992,e_demand,2030,292,8,8,0.03629950761449219
6993,e_demand,2030,292,9,9,0.03629950761449219
6994,e_demand,2030,292,10,10,0.03629950761449219
6995,e_demand,2030,292,11,11,0.03629950761449219
6996,e_demand,2030,292,12,12,0.03629950761449219
6997,e_demand,2030,292,13,13,0.03629950761449219
6998,e_demand,2030,292,14,14,0.03629950761449219
6999,e_demand,2030,292,15,15,0.03629950761449219
7000,e_demand,2030,292,16,16,0.03629950761449219
7001,e_demand,2030,292,17,17,0.03629950761449219
7002,e_demand,2030,292,18,18,0.03629950761449219
7003,e_demand,2030,292,19,19,0.03629950761449219
7004,e_demand,2030,292,20,20,0.03629950761449219
7005,e_demand,2030,292,21,21,0.03629950761449219
7006,e_demand,2030,292,22,22,0.03629950761449219
7007,e_demand,2030,292,23,23,0.03629950761449219
7008,e_demand,2030,292,24,24,0.03629950761449219
7009,e_demand,2030,293,1,1,0.025667056803971966
7010,e_demand,2030,293,2,2,0.025667056803971966
7011,e_demand,2030,293,3,3,0.025667056803971966
7012,e_demand,2030,293,4,4,0.025667056803971966
7013,e_demand,2030,293,5,5,0.025667056803971966
7014,e_demand,2030,293,6,6,0.025667056803971966
7015,e_demand,2030,293,7,7,0.025667056803971966
7016,e_demand,2030,293,8,8,0.025667056803971966
7017,e_demand,2030,293,9,9,0.025667056803971966
7018,e_demand,2030,293,10,10,0.025667056803971966
7019,e_demand,2030,293,11,11,0.025667056803971966
7020,e_demand,2030,293,12,12,0.025667056803971966
7021,e_demand,2030,293,13,13,0.025667056803971966
7022,e_demand,2030,293,14,14,0.025667056803971966
7023,e_demand,2030,293,15,15,0.025667056803971966
7024,e_demand,2030,293,16,16,0.025667056803971966
7025,e_demand,2030,293,17,17,0.025667056803971966
7026,e_demand,2030,293,18,18,0.025667056803971966
7027,e_demand,2030,293,19,19,0.025667056803971966
7028,e_demand,2030,293,20,20,0.025667056803971966
7029,e_demand,2030,293,21,21,0.025667056803971966
7030,e_demand,2030,293,22,22,0.025667056803971966
7031,e_demand,2030,293,23,23,0.025667056803971966
7032,e_demand,2030,293,24,24,0.025667056803971966
7033,e_demand,2030,294,1,1,0.027206328544124178
7034,e_demand,2030,294,2,2,0.027206328544124178
7035,e_demand,2030,294,3,3,0.027206328544124178
7036,e_demand,2030,294,4,4,0.027206328544124178
7037,e_demand,2030,294,5,5,0.027206328544124178
7038,e_demand,2030,294,6,6,0.027206328544124178
7039,e_demand,2030,294,7,7,0.027206328544124178
7040,e_demand,2030,294,8,8,0.027206328544124178
7041,e_demand,2030,294,9,9,0.027206328544124178
7042,e_demand,2030,294,10,10,0.027206328544124178
7043,e_demand,2030,294,11,11,0.027206328544124178
7044,e_demand,2030,294,12,12,0.0010882531417649671
7045,e_demand,2030,294,13,13,0.0010882531417649671
7046,e_demand,2030,294,14,14,0.0010882531417649671
7047,e_demand,2030,294,15,15,0.0010882531417649671
7048,e_demand,2030,294,16,16,0.0010882531417649671
7049,e_demand,2030,294,17,17,0.027206328544124178
7050,e_demand,2030,294,18,18,0.027206328544124178
7051,e_demand,2030,294,19,19,0.027206328544124178
7052,e_demand,2030,294,20,20,0.027206328544124178
7053,e_demand,2030,294,21,21,0.027206328544124178
7054,e_demand,2030,294,22,22,0.027206328544124178
7055,e_demand,2030,294,23,23,0.027206328544124178
7056,e_demand,2030,294,24,24,0.027206328544124178
7057,e_demand,2030,295,1,1,0.025
7058,e_demand,2030,295,2,2,0.025
7059,e_demand,2030,295,3,3,0.025
7060,e_demand,2030,295,4,4,0.025
7061,e_demand,2030,295,5,5,0.025
7062,e_demand,2030,295,6,6,0.025
7063,e_demand,2030,295,7,7,0.025
7064,e_demand,2030,295,8,8,0.025
7065,e_demand,2030,295,9,9,0.025
7066,e_demand,2030,295,10,10,0.025
7067,e_demand,2030,295,11,11,0.025
7068,e_demand,2030,295,12,12,0.0
7069,e_demand,2030,295,13,13,0.0
7070,e_demand,2030,295,14,14,0.0
7071,e_demand,2030,295,15,15,0.001
7072,e_demand,2030,295,16,16,0.025
7073,e_demand,2030,295,17,17,0.025
7074,e_demand,2030,295,18,18,0.025
7075,e_demand,2030,295,19,19,0.025
7076,e_demand,2030,295,20,20,0.025
7077,e_demand,2030,295,21,21,0.025
7078,e_demand,2030,295,22,22,0.025
7079,e_demand,2030,295,23,23,0.025
7080,e_demand,2030,295,24,24,0.025
7081,e_demand,2030,296,1,1,0.059954913545755995
7082,e_demand,2030,296,2,2,0.059954913545755995
7083,e_demand,2030,296,3,3,0.059954913545755995
7084,e_demand,2030,296,4,4,0.059954913545755995
7085,e_demand,2030,296,5,5,0.059954913545755995
7086,e_demand,2030,296,6,6,0.059954913545755995
7087,e_demand,2030,296,7,7,0.059954913545755995
7088,e_demand,2030,296,8,8,0.059954913545755995
7089,e_demand,2030,296,9,9,0.059954913545755995
7090,e_demand,2030,296,10,10,0.059954913545755995
7091,e_demand,2030,296,11,11,0.059954913545755995
7092,e_demand,2030,296,12,12,0.00239819654183024
7093,e_demand,2030,296,13,13,0.00239819654183024
7094,e_demand,2030,296,14,14,0.00239819654183024
7095,e_demand,2030,296,15,15,0.00239819654183024
7096,e_demand,2030,296,16,16,0.059954913545755995
7097,e_demand,2030,296,17,17,0.059954913545755995
7098,e_demand,2030,296,18,18,0.059954913545755995
7099,e_demand,2030,296,19,19,0.059954913545755995
7100,e_demand,2030,296,20,20,0.059954913545755995
7101,e_demand,2030,296,21,21,0.059954913545755995
7102,e_demand,2030,296,22,22,0.059954913545755995
7103,e_demand,2030,296,23,23,0.059954913545755995
7104,e_demand,2030,296,24,24,0.059954913545755995
7105,e_demand,2030,297,1,1,0.03871741249086283
7106,e_demand,2030,297,2,2,0.03871741249086283
7107,e_demand,2030,297,3,3,0.03871741249086283
7108,e_demand,2030,297,4,4,0.03871741249086283
7109,e_demand,2030,297,5,5,0.03871741249086283
7110,e_demand,2030,297,6,6,0.03871741249086283
7111,e_demand,2030,297,7,7,0.03871741249086283
7112,e_demand,2030,297,8,8,0.03871741249086283
7113,e_demand,2030,297,9,9,0.0015486964996345132
7114,e_demand,2030,297,10,10,0.0015486964996345132
7115,e_demand,2030,297,11,11,0.0015486964996345132
7116,e_demand,2030,297,12,12,0.0015486964996345132
7117,e_demand,2030,297,13,13,0.0015486964996345132
7118,e_demand,2030,297,14,14,0.0015486964996345132
7119,e_demand,2030,297,15,15,0.0015486964996345132
7120,e_demand,2030,297,16,16,0.0015486964996345132
7121,e_demand,2030,297,17,17,0.0015486964996345132
7122,e_demand,2030,297,18,18,0.0015486964996345132
7123,e_demand,2030,297,19,19,0.03871741249086283
7124,e_demand,2030,297,20,20,0.03871741249086283
7125,e_demand,2030,297,21,21,0.03871741249086283
7126,e_demand,2030,297,22,22,0.03871741249086283
7127,e_demand,2030,297,23,23,0.03871741249086283
7128,e_demand,2030,297,24,24,0.03871741249086283
7129,e_demand,2030,298,1,1,0.025
7130,e_demand,2030,298,2,2,0.025
7131,e_demand,2030,298,3,3,0.025
7132,e_demand,2030,298,4,4,0.025
7133,e_demand,2030,298,5,5,0.025
7134,e_demand,2030,298,6,6,0.025
7135,e_demand,2030,298,7,7,0.025
7136,e_demand,2030,298,8,8,0.025
7137,e_demand,2030,298,9,9,0.025
7138,e_demand,2030,298,10,10,0.025
7139,e_demand,2030,298,11,11,0.025
7140,e_demand,2030,298,12,12,0.025
7141,e_demand,2030,298,13,13,0.025
7142,e_demand,2030,298,14,14,0.025
7143,e_demand,2030,298,15,15,0.025
7144,e_demand,2030,298,16,16,0.025
7145,e_demand,2030,298,17,17,0.025
7146,e_demand,2030,298,18,18,0.025
7147,e_demand,2030,298,19,19,0.025
7148,e_demand,2030,298,20,20,0.025
7149,e_demand,2030,298,21,21,0.025
7150,e_demand,2030,298,22,22,0.025
7151,e_demand,2030,298,23,23,0.025
7152,e_demand,2030,298,24,24,0.025
7153,e_demand,2030,299,1,1,0.025
7154,e_demand,2030,299,2,2,0.025
7155,e_demand,2030,299,3,3,0.025
7156,e_demand,2030,299,4,4,0.025
7157,e_demand,2030,299,5,5,0.025
7158,e_demand,2030,299,6,6,0.025
7159,e_demand,2030,299,7,7,0.025
7160,e_demand,2030,299,8,8,0.025
7161,e_demand,2030,299,9,9,0.025
7162,e_demand,2030,299,10,10,0.025
7163,e_demand,2030,299,11,11,0.025
7164,e_demand,2030,299,12,12,0.025
7165,e_demand,2030,299,13,13,0.025
7166,e_demand,2030,299,14,14,0.025
7167,e_demand,2030,299,15,15,0.025
7168,e_demand,2030,299,16,16,0.025
7169,e_demand,2030,299,17,17,0.025
7170,e_demand,2030,299,18,18,0.025
7171,e_demand,2030,299,19,19,0.025
7172,e_demand,2030,299,20,20,0.025
7173,e_demand,2030,299,21,21,0.025
7174,e_demand,2030,299,22,22,0.025
7175,e_demand,2030,299,23,23,0.025
7176,e_demand,2030,299,24,24,0.025
7177,e_demand,2030,300,1,1,0.05056502513730448
7178,e_demand,2030,300,2,2,0.05056502513730448
7179,e_demand,2030,300,3,3,0.05056502513730448
7180,e_demand,2030,300,4,4,0.05056502513730448
7181,e_demand,2030,300,5,5,0.05056502513730448
7182,e_demand,2030,300,6,6,0.05056502513730448
7183,e_demand,2030,300,7,7,0.05056502513730448
7184,e_demand,2030,300,8,8,0.05056502513730448
7185,e_demand,2030,300,9,9,0.05056502513730448
7186,e_demand,2030,300,10,10,0.05056502513730448
7187,e_demand,2030,300,11,11,0.002022601005492179
7188,e_demand,2030,300,12,12,0.002022601005492179
7189,e_demand,2030,300,13,13,0.002022601005492179
7190,e_demand,2030,300,14,14,0.002022601005492179
7191,e_demand,2030,300,15,15,0.002022601005492179
7192,e_demand,2030,300,16,16,0.002022601005492179
7193,e_demand,2030,300,17,17,0.002022601005492179
7194,e_demand,2030,300,18,18,0.002022601005492179
7195,e_demand,2030,300,19,19,0.05056502513730448
7196,e_demand,2030,300,20,20,0.05056502513730448
7197,e_demand,2030,300,21,21,0.05056502513730448
7198,e_demand,2030,300,22,22,0.05056502513730448
7199,e_demand,2030,300,23,23,0.05056502513730448
7200,e_demand,2030,300,24,24,0.05056502513730448
7201,e_demand,2030,301,1,1,0.03653375367993127
7202,e_demand,2030,301,2,2,0.03653375367993127
7203,e_demand,2030,301,3,3,0.03653375367993127
7204,e_demand,2030,301,4,4,0.03653375367993127
7205,e_demand,2030,301,5,5,0.03653375367993127
7206,e_demand,2030,301,6,6,0.03653375367993127
7207,e_demand,2030,301,7,7,0.03653375367993127
7208,e_demand,2030,301,8,8,0.03653375367993127
7209,e_demand,2030,301,9,9,0.03653375367993127
7210,e_demand,2030,301,10,10,0.03653375367993127
7211,e_demand,2030,301,11,11,0.001461350147197251
7212,e_demand,2030,301,12,12,0.001461350147197251
7213,e_demand,2030,301,13,13,0.001461350147197251
7214,e_demand,2030,301,14,14,0.001461350147197251
7215,e_demand,2030,301,15,15,0.001461350147197251
7216,e_demand,2030,301,16,16,0.001461350147197251
7217,e_demand,2030,301,17,17,0.03653375367993127
7218,e_demand,2030,301,18,18,0.03653375367993127
7219,e_demand,2030,301,19,19,0.03653375367993127
7220,e_demand,2030,301,20,20,0.03653375367993127
7221,e_demand,2030,301,21,21,0.03653375367993127
7222,e_demand,2030,301,22,22,0.03653375367993127
7223,e_demand,2030,301,23,23,0.03653375367993127
7224,e_demand,2030,301,24,24,0.03653375367993127
7225,e_demand,2030,302,1,1,0.025
7226,e_demand,2030,302,2,2,0.025
7227,e_demand,2030,302,3,3,0.025
7228,e_demand,2030,302,4,4,0.025
7229,e_demand,2030,302,5,5,0.025
7230,e_demand,2030,302,6,6,0.025
7231,e_demand,2030,302,7,7,0.025
7232,e_demand,2030,302,8,8,0.025
7233,e_demand,2030,302,9,9,0.025
7234,e_demand,2030,302,10,10,0.025
7235,e_demand,2030,302,11,11,0.001
7236,e_demand,2030,302,12,12,0.001
7237,e_demand,2030,302,13,13,0.0
7238,e_demand,2030,302,14,14,0.001
7239,e_demand,2030,302,15,15,0.001
7240,e_demand,2030,302,16,16,0.001
7241,e_demand,2030,302,17,17,0.025
7242,e_demand,2030,302,18,18,0.025
7243,e_demand,2030,302,19,19,0.025
7244,e_demand,2030,302,20,20,0.025
7245,e_demand,2030,302,21,21,0.025
7246,e_demand,2030,302,22,22,0.025
7247,e_demand,2030,302,23,23,0.025
7248,e_demand,2030,302,24,24,0.025
7249,e_demand,2030,303,1,1,0.02541169040466065
7250,e_demand,2030,303,2,2,0.02541169040466065
7251,e_demand,2030,303,3,3,0.02541169040466065
7252,e_demand,2030,303,4,4,0.02541169040466065
7253,e_demand,2030,303,5,5,0.02541169040466065
7254,e_demand,2030,303,6,6,0.02541169040466065
7255,e_demand,2030,303,7,7,0.02541169040466065
7256,e_demand,2030,303,8,8,0.02541169040466065
7257,e_demand,2030,303,9,9,0.02541169040466065
7258,e_demand,2030,303,10,10,0.02541169040466065
7259,e_demand,2030,303,11,11,0.001016467616186426
7260,e_demand,2030,303,12,12,0.001016467616186426
7261,e_demand,2030,303,13,13,0.001016467616186426
7262,e_demand,2030,303,14,14,0.001016467616186426
7263,e_demand,2030,303,15,15,0.001016467616186426
7264,e_demand,2030,303,16,16,0.001016467616186426
7265,e_demand,2030,303,17,17,0.001016467616186426
7266,e_demand,2030,303,18,18,0.02541169040466065
7267,e_demand,2030,303,19,19,0.02541169040466065
7268,e_demand,2030,303,20,20,0.02541169040466065
7269,e_demand,2030,303,21,21,0.02541169040466065
7270,e_demand,2030,303,22,22,0.02541169040466065
7271,e_demand,2030,303,23,23,0.02541169040466065
7272,e_demand,2030,303,24,24,0.02541169040466065
7273,e_demand,2030,304,1,1,0.025380274022164903
7274,e_demand,2030,304,2,2,0.025380274022164903
7275,e_demand,2030,304,3,3,0.025380274022164903
7276,e_demand,2030,304,4,4,0.025380274022164903
7277,e_demand,2030,304,5,5,0.025380274022164903
7278,e_demand,2030,304,6,6,0.025380274022164903
7279,e_demand,2030,304,7,7,0.025380274022164903
7280,e_demand,2030,304,8,8,0.025380274022164903
7281,e_demand,2030,304,9,9,0.025380274022164903
7282,e_demand,2030,304,10,10,0.025380274022164903
7283,e_demand,2030,304,11,11,0.025380274022164903
7284,e_demand,2030,304,12,12,0.025380274022164903
7285,e_demand,2030,304,13,13,0.001015210960886596
7286,e_demand,2030,304,14,14,0.001015210960886596
7287,e_demand,2030,304,15,15,0.001015210960886596
7288,e_demand,2030,304,16,16,0.001015210960886596
7289,e_demand,2030,304,17,17,0.001015210960886596
7290,e_demand,2030,304,18,18,0.025380274022164903
7291,e_demand,2030,304,19,19,0.025380274022164903
7292,e_demand,2030,304,20,20,0.025380274022164903
7293,e_demand,2030,304,21,21,0.025380274022164903
7294,e_demand,2030,304,22,22,0.025380274022164903
7295,e_demand,2030,304,23,23,0.025380274022164903
7296,e_demand,2030,304,24,24,0.025380274022164903
7297,e_demand,2030,305,1,1,0.06032592772316408
7298,e_demand,2030,305,2,2,0.06032592772316408
7299,e_demand,2030,305,3,3,0.06032592772316408
7300,e_demand,2030,305,4,4,0.06032592772316408
7301,e_demand,2030,305,5,5,0.06032592772316408
7302,e_demand,2030,305,6,6,0.06032592772316408
7303,e_demand,2030,305,7,7,0.06032592772316408
7304,e_demand,2030,305,8,8,0.06032592772316408
7305,e_demand,2030,305,9,9,0.06032592772316408
7306,e_demand,2030,305,10,10,0.06032592772316408
7307,e_demand,2030,305,11,11,0.06032592772316408
7308,e_demand,2030,305,12,12,0.06032592772316408
7309,e_demand,2030,305,13,13,0.06032592772316408
7310,e_demand,2030,305,14,14,0.06032592772316408
7311,e_demand,2030,305,15,15,0.06032592772316408
7312,e_demand,2030,305,16,16,0.06032592772316408
7313,e_demand,2030,305,17,17,0.06032592772316408
7314,e_demand,2030,305,18,18,0.06032592772316408
7315,e_demand,2030,305,19,19,0.06032592772316408
7316,e_demand,2030,305,20,20,0.0844562988124297
7317,e_demand,2030,305,21,21,0.06032592772316408
7318,e_demand,2030,305,22,22,0.06032592772316408
7319,e_demand,2030,305,23,23,0.06032592772316408
7320,e_demand,2030,305,24,24,0.06032592772316408
7321,e_demand,2030,306,1,1,0.06360136528335374
7322,e_demand,2030,306,2,2,0.06360136528335374
7323,e_demand,2030,306,3,3,0.06360136528335374
7324,e_demand,2030,306,4,4,0.06360136528335374
7325,e_demand,2030,306,5,5,0.06360136528335374
7326,e_demand,2030,306,6,6,0.06360136528335374
7327,e_demand,2030,306,7,7,0.06360136528335374
7328,e_demand,2030,306,8,8,0.06360136528335374
7329,e_demand,2030,306,9,9,0.06360136528335374
7330,e_demand,2030,306,10,10,0.06360136528335374
7331,e_demand,2030,306,11,11,0.06360136528335374
7332,e_demand,2030,306,12,12,0.0025440546113341496
7333,e_demand,2030,306,13,13,0.0025440546113341496
7334,e_demand,2030,306,14,14,0.0025440546113341496
7335,e_demand,2030,306,15,15,0.0025440546113341496
7336,e_demand,2030,306,16,16,0.06360136528335374
7337,e_demand,2030,306,17,17,0.06360136528335374
7338,e_demand,2030,306,18,18,0.06360136528335374
7339,e_demand,2030,306,19,19,0.06360136528335374
7340,e_demand,2030,306,20,20,0.06360136528335374
7341,e_demand,2030,306,21,21,0.06360136528335374
7342,e_demand,2030,306,22,22,0.06360136528335374
7343,e_demand,2030,306,23,23,0.06360136528335374
7344,e_demand,2030,306,24,24,0.06360136528335374
7345,e_demand,2030,307,1,1,0.06063414271446924
7346,e_demand,2030,307,2,2,0.06063414271446924
7347,e_demand,2030,307,3,3,0.06063414271446924
7348,e_demand,2030,307,4,4,0.06063414271446924
7349,e_demand,2030,307,5,5,0.06063414271446924
7350,e_demand,2030,307,6,6,0.06063414271446924
7351,e_demand,2030,307,7,7,0.06063414271446924
7352,e_demand,2030,307,8,8,0.06063414271446924
7353,e_demand,2030,307,9,9,0.06063414271446924
7354,e_demand,2030,307,10,10,0.0024253657085787695
7355,e_demand,2030,307,11,11,0.0024253657085787695
7356,e_demand,2030,307,12,12,0.0024253657085787695
7357,e_demand,2030,307,13,13,0.0024253657085787695
7358,e_demand,2030,307,14,14,0.0024253657085787695
7359,e_demand,2030,307,15,15,0.0024253657085787695
7360,e_demand,2030,307,16,16,0.0024253657085787695
7361,e_demand,2030,307,17,17,0.06063414271446924
7362,e_demand,2030,307,18,18,0.06063414271446924
7363,e_demand,2030,307,19,19,0.06063414271446924
7364,e_demand,2030,307,20,20,0.06063414271446924
7365,e_demand,2030,307,21,21,0.06063414271446924
7366,e_demand,2030,307,22,22,0.06063414271446924
7367,e_demand,2030,307,23,23,0.06063414271446924
7368,e_demand,2030,307,24,24,0.06063414271446924
7369,e_demand,2030,308,1,1,0.027567275754814914
7370,e_demand,2030,308,2,2,0.027567275754814914
7371,e_demand,2030,308,3,3,0.027567275754814914
7372,e_demand,2030,308,4,4,0.027567275754814914
7373,e_demand,2030,308,5,5,0.027567275754814914
7374,e_demand,2030,308,6,6,0.027567275754814914
7375,e_demand,2030,308,7,7,0.027567275754814914
7376,e_demand,2030,308,8,8,0.027567275754814914
7377,e_demand,2030,308,9,9,0.0011026910301925965
7378,e_demand,2030,308,10,10,0.0011026910301925965
7379,e_demand,2030,308,11,11,0.0011026910301925965
7380,e_demand,2030,308,12,12,0.0011026910301925965
7381,e_demand,2030,308,13,13,0.0011026910301925965
7382,e_demand,2030,308,14,14,0.0011026910301925965
7383,e_demand,2030,308,15,15,0.0011026910301925965
7384,e_demand,2030,308,16,16,0.0011026910301925965
7385,e_demand,2030,308,17,17,0.0011026910301925965
7386,e_demand,2030,308,18,18,0.0011026910301925965
7387,e_demand,2030,308,19,19,0.0011026910301925965
7388,e_demand,2030,308,20,20,0.027567275754814914
7389,e_demand,2030,308,21,21,0.027567275754814914
7390,e_demand,2030,308,22,22,0.027567275754814914
7391,e_demand,2030,308,23,23,0.027567275754814914
7392,e_demand,2030,308,24,24,0.027567275754814914
7393,e_demand,2030,309,1,1,0.029188914079136707
7394,e_demand,2030,309,2,2,0.029188914079136707
7395,e_demand,2030,309,3,3,0.029188914079136707
7396,e_demand,2030,309,4,4,0.029188914079136707
7397,e_demand,2030,309,5,5,0.029188914079136707
7398,e_demand,2030,309,6,6,0.029188914079136707
7399,e_demand,2030,309,7,7,0.029188914079136707
7400,e_demand,2030,309,8,8,0.029188914079136707
7401,e_demand,2030,309,9,9,0.029188914079136707
7402,e_demand,2030,309,10,10,0.029188914079136707
7403,e_demand,2030,309,11,11,0.0011675565631654684
7404,e_demand,2030,309,12,12,0.0011675565631654684
7405,e_demand,2030,309,13,13,0.0011675565631654684
7406,e_demand,2030,309,14,14,0.0011675565631654684
7407,e_demand,2030,309,15,15,0.0011675565631654684
7408,e_demand,2030,309,16,16,0.0011675565631654684
7409,e_demand,2030,309,17,17,0.0011675565631654684
7410,e_demand,2030,309,18,18,0.029188914079136707
7411,e_demand,2030,309,19,19,0.029188914079136707
7412,e_demand,2030,309,20,20,0.029188914079136707
7413,e_demand,2030,309,21,21,0.029188914079136707
7414,e_demand,2030,309,22,22,0.029188914079136707
7415,e_demand,2030,309,23,23,0.029188914079136707
7416,e_demand,2030,309,24,24,0.029188914079136707
7417,e_demand,2030,310,1,1,0.07346385903981661
7418,e_demand,2030,310,2,2,0.07346385903981661
7419,e_demand,2030,310,3,3,0.07346385903981661
7420,e_demand,2030,310,4,4,0.07346385903981661
7421,e_demand,2030,310,5,5,0.07346385903981661
7422,e_demand,2030,310,6,6,0.07346385903981661
7423,e_demand,2030,310,7,7,0.07346385903981661
7424,e_demand,2030,310,8,8,0.07346385903981661
7425,e_demand,2030,310,9,9,0.07346385903981661
7426,e_demand,2030,310,10,10,0.07346385903981661
7427,e_demand,2030,310,11,11,0.07346385903981661
7428,e_demand,2030,310,12,12,0.07346385903981661
7429,e_demand,2030,310,13,13,0.07346385903981661
7430,e_demand,2030,310,14,14,0.07346385903981661
7431,e_demand,2030,310,15,15,0.07346385903981661
7432,e_demand,2030,310,16,16,0.07346385903981661
7433,e_demand,2030,310,17,17,0.07346385903981661
7434,e_demand,2030,310,18,18,0.07346385903981661
7435,e_demand,2030,310,19,19,0.07346385903981661
7436,e_demand,2030,310,20,20,0.07346385903981661
7437,e_demand,2030,310,21,21,0.07346385903981661
7438,e_demand,2030,310,22,22,0.07346385903981661
7439,e_demand,2030,310,23,23,0.07346385903981661
7440,e_demand,2030,310,24,24,0.07346385903981661
7441,e_demand,2030,311,1,1,0.04887802925469842
7442,e_demand,2030,311,2,2,0.04887802925469842
7443,e_demand,2030,311,3,3,0.04887802925469842
7444,e_demand,2030,311,4,4,0.04887802925469842
7445,e_demand,2030,311,5,5,0.04887802925469842
7446,e_demand,2030,311,6,6,0.04887802925469842
7447,e_demand,2030,311,7,7,0.04887802925469842
7448,e_demand,2030,311,8,8,0.04887802925469842
7449,e_demand,2030,311,9,9,0.04887802925469842
7450,e_demand,2030,311,10,10,0.04887802925469842
7451,e_demand,2030,311,11,11,0.04887802925469842
7452,e_demand,2030,311,12,12,0.04887802925469842
7453,e_demand,2030,311,13,13,0.04887802925469842
7454,e_demand,2030,311,14,14,0.04887802925469842
7455,e_demand,2030,311,15,15,0.04887802925469842
7456,e_demand,2030,311,16,16,0.04887802925469842
7457,e_demand,2030,311,17,17,0.04887802925469842
7458,e_demand,2030,311,18,18,0.04887802925469842
7459,e_demand,2030,311,19,19,0.06842924095657779
7460,e_demand,2030,311,20,20,0.06842924095657779
7461,e_demand,2030,311,21,21,0.06842924095657779
7462,e_demand,2030,311,22,22,0.04887802925469842
7463,e_demand,2030,311,23,23,0.04887802925469842
7464,e_demand,2030,311,24,24,0.04887802925469842
7465,e_demand,2030,312,1,1,0.04031430251983497
7466,e_demand,2030,312,2,2,0.04031430251983497
7467,e_demand,2030,312,3,3,0.04031430251983497
7468,e_demand,2030,312,4,4,0.04031430251983497
7469,e_demand,2030,312,5,5,0.04031430251983497
7470,e_demand,2030,312,6,6,0.04031430251983497
7471,e_demand,2030,312,7,7,0.04031430251983497
7472,e_demand,2030,312,8,8,0.04031430251983497
7473,e_demand,2030,312,9,9,0.04031430251983497
7474,e_demand,2030,312,10,10,0.04031430251983497
7475,e_demand,2030,312,11,11,0.04031430251983497
7476,e_demand,2030,312,12,12,0.04031430251983497
7477,e_demand,2030,312,13,13,0.0016125721007933986
7478,e_demand,2030,312,14,14,0.0016125721007933986
7479,e_demand,2030,312,15,15,0.0016125721007933986
7480,e_demand,2030,312,16,16,0.04031430251983497
7481,e_demand,2030,312,17,17,0.04031430251983497
7482,e_demand,2030,312,18,18,0.04031430251983497
7483,e_demand,2030,312,19,19,0.04031430251983497
7484,e_demand,2030,312,20,20,0.04031430251983497
7485,e_demand,2030,312,21,21,0.04031430251983497
7486,e_demand,2030,312,22,22,0.04031430251983497
7487,e_demand,2030,312,23,23,0.04031430251983497
7488,e_demand,2030,312,24,24,0.04031430251983497
7489,e_demand,2030,313,1,1,0.03801089479809554
7490,e_demand,2030,313,2,2,0.03801089479809554
7491,e_demand,2030,313,3,3,0.03801089479809554
7492,e_demand,2030,313,4,4,0.03801089479809554
7493,e_demand,2030,313,5,5,0.03801089479809554
7494,e_demand,2030,313,6,6,0.03801089479809554
7495,e_demand,2030,313,7,7,0.03801089479809554
7496,e_demand,2030,313,8,8,0.03801089479809554
7497,e_demand,2030,313,9,9,0.03801089479809554
7498,e_demand,2030,313,10,10,0.03801089479809554
7499,e_demand,2030,313,11,11,0.03801089479809554
7500,e_demand,2030,313,12,12,0.0015204357919238213
7501,e_demand,2030,313,13,13,0.0015204357919238213
7502,e_demand,2030,313,14,14,0.0015204357919238213
7503,e_demand,2030,313,15,15,0.0015204357919238213
7504,e_demand,2030,313,16,16,0.0015204357919238213
7505,e_demand,2030,313,17,17,0.03801089479809554
7506,e_demand,2030,313,18,18,0.03801089479809554
7507,e_demand,2030,313,19,19,0.03801089479809554
7508,e_demand,2030,313,20,20,0.03801089479809554
7509,e_demand,2030,313,21,21,0.03801089479809554
7510,e_demand,2030,313,22,22,0.03801089479809554
7511,e_demand,2030,313,23,23,0.03801089479809554
7512,e_demand,2030,313,24,24,0.03801089479809554
7513,e_demand,2030,314,1,1,0.12040390211591656
7514,e_demand,2030,314,2,2,0.12040390211591656
7515,e_demand,2030,314,3,3,0.12040390211591656
7516,e_demand,2030,314,4,4,0.12040390211591656
7517,e_demand,2030,314,5,5,0.12040390211591656
7518,e_demand,2030,314,6,6,0.12040390211591656
7519,e_demand,2030,314,7,7,0.12040390211591656
7520,e_demand,2030,314,8,8,0.12040390211591656
7521,e_demand,2030,314,9,9,0.12040390211591656
7522,e_demand,2030,314,10,10,0.12040390211591656
7523,e_demand,2030,314,11,11,0.0048161560846366625
7524,e_demand,2030,314,12,12,0.0048161560846366625
7525,e_demand,2030,314,13,13,0.0048161560846366625
7526,e_demand,2030,314,14,14,0.0048161560846366625
7527,e_demand,2030,314,15,15,0.0048161560846366625
7528,e_demand,2030,314,16,16,0.0048161560846366625
7529,e_demand,2030,314,17,17,0.12040390211591656
7530,e_demand,2030,314,18,18,0.12040390211591656
7531,e_demand,2030,314,19,19,0.12040390211591656
7532,e_demand,2030,314,20,20,0.12040390211591656
7533,e_demand,2030,314,21,21,0.12040390211591656
7534,e_demand,2030,314,22,22,0.12040390211591656
7535,e_demand,2030,314,23,23,0.12040390211591656
7536,e_demand,2030,314,24,24,0.12040390211591656
7537,e_demand,2030,315,1,1,0.15055835438509446
7538,e_demand,2030,315,2,2,0.15055835438509446
7539,e_demand,2030,315,3,3,0.15055835438509446
7540,e_demand,2030,315,4,4,0.15055835438509446
7541,e_demand,2030,315,5,5,0.15055835438509446
7542,e_demand,2030,315,6,6,0.15055835438509446
7543,e_demand,2030,315,7,7,0.15055835438509446
7544,e_demand,2030,315,8,8,0.15055835438509446
7545,e_demand,2030,315,9,9,0.15055835438509446
7546,e_demand,2030,315,10,10,0.15055835438509446
7547,e_demand,2030,315,11,11,0.15055835438509446
7548,e_demand,2030,315,12,12,0.006022334175403777
7549,e_demand,2030,315,13,13,0.006022334175403777
7550,e_demand,2030,315,14,14,0.006022334175403777
7551,e_demand,2030,315,15,15,0.006022334175403777
7552,e_demand,2030,315,16,16,0.006022334175403777
7553,e_demand,2030,315,17,17,0.006022334175403777
7554,e_demand,2030,315,18,18,0.15055835438509446
7555,e_demand,2030,315,19,19,0.15055835438509446
7556,e_demand,2030,315,20,20,0.15055835438509446
7557,e_demand,2030,315,21,21,0.15055835438509446
7558,e_demand,2030,315,22,22,0.15055835438509446
7559,e_demand,2030,315,23,23,0.15055835438509446
7560,e_demand,2030,315,24,24,0.15055835438509446
7561,e_demand,2030,316,1,1,0.025625560132712506
7562,e_demand,2030,316,2,2,0.025625560132712506
7563,e_demand,2030,316,3,3,0.025625560132712506
7564,e_demand,2030,316,4,4,0.025625560132712506
7565,e_demand,2030,316,5,5,0.025625560132712506
7566,e_demand,2030,316,6,6,0.025625560132712506
7567,e_demand,2030,316,7,7,0.025625560132712506
7568,e_demand,2030,316,8,8,0.025625560132712506
7569,e_demand,2030,316,9,9,0.025625560132712506
7570,e_demand,2030,316,10,10,0.025625560132712506
7571,e_demand,2030,316,11,11,0.025625560132712506
7572,e_demand,2030,316,12,12,0.025625560132712506
7573,e_demand,2030,316,13,13,0.025625560132712506
7574,e_demand,2030,316,14,14,0.025625560132712506
7575,e_demand,2030,316,15,15,0.025625560132712506
7576,e_demand,2030,316,16,16,0.025625560132712506
7577,e_demand,2030,316,17,17,0.025625560132712506
7578,e_demand,2030,316,18,18,0.025625560132712506
7579,e_demand,2030,316,19,19,0.025625560132712506
7580,e_demand,2030,316,20,20,0.025625560132712506
7581,e_demand,2030,316,21,21,0.025625560132712506
7582,e_demand,2030,316,22,22,0.025625560132712506
7583,e_demand,2030,316,23,23,0.025625560132712506
7584,e_demand,2030,316,24,24,0.025625560132712506
7585,e_demand,2030,317,1,1,0.06877861187501931
7586,e_demand,2030,317,2,2,0.06877861187501931
7587,e_demand,2030,317,3,3,0.06877861187501931
7588,e_demand,2030,317,4,4,0.06877861187501931
7589,e_demand,2030,317,5,5,0.06877861187501931
7590,e_demand,2030,317,6,6,0.06877861187501931
7591,e_demand,2030,317,7,7,0.06877861187501931
7592,e_demand,2030,317,8,8,0.06877861187501931
7593,e_demand,2030,317,9,9,0.06877861187501931
7594,e_demand,2030,317,10,10,0.06877861187501931
7595,e_demand,2030,317,11,11,0.06877861187501931
7596,e_demand,2030,317,12,12,0.06877861187501931
7597,e_demand,2030,317,13,13,0.0027511444750007727
7598,e_demand,2030,317,14,14,0.0027511444750007727
7599,e_demand,2030,317,15,15,0.0027511444750007727
7600,e_demand,2030,317,16,16,0.0027511444750007727
7601,e_demand,2030,317,17,17,0.06877861187501931
7602,e_demand,2030,317,18,18,0.06877861187501931
7603,e_demand,2030,317,19,19,0.06877861187501931
7604,e_demand,2030,317,20,20,0.06877861187501931
7605,e_demand,2030,317,21,21,0.06877861187501931
7606,e_demand,2030,317,22,22,0.06877861187501931
7607,e_demand,2030,317,23,23,0.06877861187501931
7608,e_demand,2030,317,24,24,0.06877861187501931
7609,e_demand,2030,318,1,1,0.03433556333441853
7610,e_demand,2030,318,2,2,0.03433556333441853
7611,e_demand,2030,318,3,3,0.03433556333441853
7612,e_demand,2030,318,4,4,0.03433556333441853
7613,e_demand,2030,318,5,5,0.03433556333441853
7614,e_demand,2030,318,6,6,0.03433556333441853
7615,e_demand,2030,318,7,7,0.03433556333441853
7616,e_demand,2030,318,8,8,0.03433556333441853
7617,e_demand,2030,318,9,9,0.03433556333441853
7618,e_demand,2030,318,10,10,0.03433556333441853
7619,e_demand,2030,318,11,11,0.03433556333441853
7620,e_demand,2030,318,12,12,0.03433556333441853
7621,e_demand,2030,318,13,13,0.03433556333441853
7622,e_demand,2030,318,14,14,0.03433556333441853
7623,e_demand,2030,318,15,15,0.03433556333441853
7624,e_demand,2030,318,16,16,0.03433556333441853
7625,e_demand,2030,318,17,17,0.03433556333441853
7626,e_demand,2030,318,18,18,0.03433556333441853
7627,e_demand,2030,318,19,19,0.03433556333441853
7628,e_demand,2030,318,20,20,0.03433556333441853
7629,e_demand,2030,318,21,21,0.03433556333441853
7630,e_demand,2030,318,22,22,0.03433556333441853
7631,e_demand,2030,318,23,23,0.03433556333441853
7632,e_demand,2030,318,24,24,0.03433556333441853
7633,e_demand,2030,319,1,1,0.025
7634,e_demand,2030,319,2,2,0.025
7635,e_demand,2030,319,3,3,0.025
7636,e_demand,2030,319,4,4,0.025
7637,e_demand,2030,319,5,5,0.025
7638,e_demand,2030,319,6,6,0.025
7639,e_demand,2030,319,7,7,0.025
7640,e_demand,2030,319,8,8,0.025
7641,e_demand,2030,319,9,9,0.025
7642,e_demand,2030,319,10,10,0.025
7643,e_demand,2030,319,11,11,0.025
7644,e_demand,2030,319,12,12,0.025
7645,e_demand,2030,319,13,13,0.025
7646,e_demand,2030,319,14,14,0.025
7647,e_demand,2030,319,15,15,0.025
7648,e_demand,2030,319,16,16,0.025
7649,e_demand,2030,319,17,17,0.025
7650,e_demand,2030,319,18,18,0.025
7651,e_demand,2030,319,19,19,0.025
7652,e_demand,2030,319,20,20,0.025
7653,e_demand,2030,319,21,21,0.025
7654,e_demand,2030,319,22,22,0.025
7655,e_demand,2030,319,23,23,0.025
7656,e_demand,2030,319,24,24,0.025
7657,e_demand,2030,320,1,1,0.025986262507138543
7658,e_demand,2030,320,2,2,0.025986262507138543
7659,e_demand,2030,320,3,3,0.025986262507138543
7660,e_demand,2030,320,4,4,0.025986262507138543
7661,e_demand,2030,320,5,5,0.025986262507138543
7662,e_demand,2030,320,6,6,0.025986262507138543
7663,e_demand,2030,320,7,7,0.025986262507138543
7664,e_demand,2030,320,8,8,0.025986262507138543
7665,e_demand,2030,320,9,9,0.025986262507138543
7666,e_demand,2030,320,10,10,0.025986262507138543
7667,e_demand,2030,320,11,11,0.0010394505002855416
7668,e_demand,2030,320,12,12,0.0010394505002855416
7669,e_demand,2030,320,13,13,0.0
7670,e_demand,2030,320,14,14,0.0
7671,e_demand,2030,320,15,15,0.0010394505002855416
7672,e_demand,2030,320,16,16,0.0010394505002855416
7673,e_demand,2030,320,17,17,0.025986262507138543
7674,e_demand,2030,320,18,18,0.025986262507138543
7675,e_demand,2030,320,19,19,0.025986262507138543
7676,e_demand,2030,320,20,20,0.025986262507138543
7677,e_demand,2030,320,21,21,0.025986262507138543
7678,e_demand,2030,320,22,22,0.025986262507138543
7679,e_demand,2030,320,23,23,0.025986262507138543
7680,e_demand,2030,320,24,24,0.025986262507138543
7681,e_demand,2030,321,1,1,0.043271264535210796
7682,e_demand,2030,321,2,2,0.043271264535210796
7683,e_demand,2030,321,3,3,0.043271264535210796
7684,e_demand,2030,321,4,4,0.043271264535210796
7685,e_demand,2030,321,5,5,0.043271264535210796
7686,e_demand,2030,321,6,6,0.043271264535210796
7687,e_demand,2030,321,7,7,0.043271264535210796
7688,e_demand,2030,321,8,8,0.043271264535210796
7689,e_demand,2030,321,9,9,0.043271264535210796
7690,e_demand,2030,321,10,10,0.043271264535210796
7691,e_demand,2030,321,11,11,0.043271264535210796
7692,e_demand,2030,321,12,12,0.043271264535210796
7693,e_demand,2030,321,13,13,0.043271264535210796
7694,e_demand,2030,321,14,14,0.043271264535210796
7695,e_demand,2030,321,15,15,0.001730850581408432
7696,e_demand,2030,321,16,16,0.001730850581408432
7697,e_demand,2030,321,17,17,0.043271264535210796
7698,e_demand,2030,321,18,18,0.043271264535210796
7699,e_demand,2030,321,19,19,0.043271264535210796
7700,e_demand,2030,321,20,20,0.043271264535210796
7701,e_demand,2030,321,21,21,0.043271264535210796
7702,e_demand,2030,321,22,22,0.043271264535210796
7703,e_demand,2030,321,23,23,0.043271264535210796
7704,e_demand,2030,321,24,24,0.043271264535210796
7705,e_demand,2030,322,1,1,0.03250258946659241
7706,e_demand,2030,322,2,2,0.03250258946659241
7707,e_demand,2030,322,3,3,0.03250258946659241
7708,e_demand,2030,322,4,4,0.03250258946659241
7709,e_demand,2030,322,5,5,0.03250258946659241
7710,e_demand,2030,322,6,6,0.03250258946659241
7711,e_demand,2030,322,7,7,0.03250258946659241
7712,e_demand,2030,322,8,8,0.03250258946659241
7713,e_demand,2030,322,9,9,0.03250258946659241
7714,e_demand,2030,322,10,10,0.0013001035786636963
7715,e_demand,2030,322,11,11,0.0013001035786636963
7716,e_demand,2030,322,12,12,0.0013001035786636963
7717,e_demand,2030,322,13,13,0.0
7718,e_demand,2030,322,14,14,0.0
7719,e_demand,2030,322,15,15,0.0
7720,e_demand,2030,322,16,16,0.0013001035786636963
7721,e_demand,2030,322,17,17,0.0013001035786636963
7722,e_demand,2030,322,18,18,0.03250258946659241
7723,e_demand,2030,322,19,19,0.03250258946659241
7724,e_demand,2030,322,20,20,0.03250258946659241
7725,e_demand,2030,322,21,21,0.03250258946659241
7726,e_demand,2030,322,22,22,0.03250258946659241
7727,e_demand,2030,322,23,23,0.03250258946659241
7728,e_demand,2030,322,24,24,0.03250258946659241
7729,e_demand,2030,323,1,1,0.026868037662826718
7730,e_demand,2030,323,2,2,0.026868037662826718
7731,e_demand,2030,323,3,3,0.026868037662826718
7732,e_demand,2030,323,4,4,0.026868037662826718
7733,e_demand,2030,323,5,5,0.026868037662826718
7734,e_demand,2030,323,6,6,0.026868037662826718
7735,e_demand,2030,323,7,7,0.026868037662826718
7736,e_demand,2030,323,8,8,0.026868037662826718
7737,e_demand,2030,323,9,9,0.026868037662826718
7738,e_demand,2030,323,10,10,0.026868037662826718
7739,e_demand,2030,323,11,11,0.026868037662826718
7740,e_demand,2030,323,12,12,0.026868037662826718
7741,e_demand,2030,323,13,13,0.026868037662826718
7742,e_demand,2030,323,14,14,0.026868037662826718
7743,e_demand,2030,323,15,15,0.026868037662826718
7744,e_demand,2030,323,16,16,0.026868037662826718
7745,e_demand,2030,323,17,17,0.026868037662826718
7746,e_demand,2030,323,18,18,0.026868037662826718
7747,e_demand,2030,323,19,19,0.026868037662826718
7748,e_demand,2030,323,20,20,0.026868037662826718
7749,e_demand,2030,323,21,21,0.026868037662826718
7750,e_demand,2030,323,22,22,0.026868037662826718
7751,e_demand,2030,323,23,23,0.026868037662826718
7752,e_demand,2030,323,24,24,0.026868037662826718
7753,e_demand,2030,324,1,1,0.04488800939902526
7754,e_demand,2030,324,2,2,0.04488800939902526
7755,e_demand,2030,324,3,3,0.04488800939902526
7756,e_demand,2030,324,4,4,0.04488800939902526
7757,e_demand,2030,324,5,5,0.04488800939902526
7758,e_demand,2030,324,6,6,0.04488800939902526
7759,e_demand,2030,324,7,7,0.04488800939902526
7760,e_demand,2030,324,8,8,0.04488800939902526
7761,e_demand,2030,324,9,9,0.04488800939902526
7762,e_demand,2030,324,10,10,0.04488800939902526
7763,e_demand,2030,324,11,11,0.04488800939902526
7764,e_demand,2030,324,12,12,0.00179552037596101
7765,e_demand,2030,324,13,13,0.00179552037596101
7766,e_demand,2030,324,14,14,0.00179552037596101
7767,e_demand,2030,324,15,15,0.00179552037596101
7768,e_demand,2030,324,16,16,0.00179552037596101
7769,e_demand,2030,324,17,17,0.04488800939902526
7770,e_demand,2030,324,18,18,0.04488800939902526
7771,e_demand,2030,324,19,19,0.04488800939902526
7772,e_demand,2030,324,20,20,0.04488800939902526
7773,e_demand,2030,324,21,21,0.04488800939902526
7774,e_demand,2030,324,22,22,0.04488800939902526
7775,e_demand,2030,324,23,23,0.04488800939902526
7776,e_demand,2030,324,24,24,0.04488800939902526
7777,e_demand,2030,325,1,1,0.06865039473853973
7778,e_demand,2030,325,2,2,0.06865039473853973
7779,e_demand,2030,325,3,3,0.06865039473853973
7780,e_demand,2030,325,4,4,0.06865039473853973
7781,e_demand,2030,325,5,5,0.06865039473853973
7782,e_demand,2030,325,6,6,0.06865039473853973
7783,e_demand,2030,325,7,7,0.06865039473853973
7784,e_demand,2030,325,8,8,0.06865039473853973
7785,e_demand,2030,325,9,9,0.06865039473853973
7786,e_demand,2030,325,10,10,0.06865039473853973
7787,e_demand,2030,325,11,11,0.06865039473853973
7788,e_demand,2030,325,12,12,0.06865039473853973
7789,e_demand,2030,325,13,13,0.06865039473853973
7790,e_demand,2030,325,14,14,0.06865039473853973
7791,e_demand,2030,325,15,15,0.06865039473853973
7792,e_demand,2030,325,16,16,0.06865039473853973
7793,e_demand,2030,325,17,17,0.06865039473853973
7794,e_demand,2030,325,18,18,0.06865039473853973
7795,e_demand,2030,325,19,19,0.06865039473853973
7796,e_demand,2030,325,20,20,0.06865039473853973
7797,e_demand,2030,325,21,21,0.06865039473853973
7798,e_demand,2030,325,22,22,0.06865039473853973
7799,e_demand,2030,325,23,23,0.06865039473853973
7800,e_demand,2030,325,24,24,0.06865039473853973
7801,e_demand,2030,326,1,1,0.04468652233117674
7802,e_demand,2030,326,2,2,0.04468652233117674
7803,e_demand,2030,326,3,3,0.04468652233117674
7804,e_demand,2030,326,4,4,0.04468652233117674
7805,e_demand,2030,326,5,5,0.04468652233117674
7806,e_demand,2030,326,6,6,0.04468652233117674
7807,e_demand,2030,326,7,7,0.04468652233117674
7808,e_demand,2030,326,8,8,0.04468652233117674
7809,e_demand,2030,326,9,9,0.04468652233117674
7810,e_demand,2030,326,10,10,0.0017874608932470695
7811,e_demand,2030,326,11,11,0.0017874608932470695
7812,e_demand,2030,326,12,12,0.0017874608932470695
7813,e_demand,2030,326,13,13,0.0017874608932470695
7814,e_demand,2030,326,14,14,0.0017874608932470695
7815,e_demand,2030,326,15,15,0.0017874608932470695
7816,e_demand,2030,326,16,16,0.0017874608932470695
7817,e_demand,2030,326,17,17,0.0017874608932470695
7818,e_demand,2030,326,18,18,0.04468652233117674
7819,e_demand,2030,326,19,19,0.04468652233117674
7820,e_demand,2030,326,20,20,0.04468652233117674
7821,e_demand,2030,326,21,21,0.04468652233117674
7822,e_demand,2030,326,22,22,0.04468652233117674
7823,e_demand,2030,326,23,23,0.04468652233117674
7824,e_demand,2030,326,24,24,0.04468652233117674
7825,e_demand,2030,327,1,1,0.0659399705146702
7826,e_demand,2030,327,2,2,0.0659399705146702
7827,e_demand,2030,327,3,3,0.0659399705146702
7828,e_demand,2030,327,4,4,0.0659399705146702
7829,e_demand,2030,327,5,5,0.0659399705146702
7830,e_demand,2030,327,6,6,0.0659399705146702
7831,e_demand,2030,327,7,7,0.0659399705146702
7832,e_demand,2030,327,8,8,0.0659399705146702
7833,e_demand,2030,327,9,9,0.0659399705146702
7834,e_demand,2030,327,10,10,0.0659399705146702
7835,e_demand,2030,327,11,11,0.0659399705146702
7836,e_demand,2030,327,12,12,0.0659399705146702
7837,e_demand,2030,327,13,13,0.0659399705146702
7838,e_demand,2030,327,14,14,0.0659399705146702
7839,e_demand,2030,327,15,15,0.0659399705146702
7840,e_demand,2030,327,16,16,0.0659399705146702
7841,e_demand,2030,327,17,17,0.0659399705146702
7842,e_demand,2030,327,18,18,0.0659399705146702
7843,e_demand,2030,327,19,19,0.0659399705146702
7844,e_demand,2030,327,20,20,0.0659399705146702
7845,e_demand,2030,327,21,21,0.0659399705146702
7846,e_demand,2030,327,22,22,0.0659399705146702
7847,e_demand,2030,327,23,23,0.0659399705146702
7848,e_demand,2030,327,24,24,0.0659399705146702
7849,e_demand,2030,328,1,1,0.13036113175482514
7850,e_demand,2030,328,2,2,0.13036113175482514
7851,e_demand,2030,328,3,3,0.13036113175482514
7852,e_demand,2030,328,4,4,0.13036113175482514
7853,e_demand,2030,328,5,5,0.13036113175482514
7854,e_demand,2030,328,6,6,0.13036113175482514
7855,e_demand,2030,328,7,7,0.13036113175482514
7856,e_demand,2030,328,8,8,0.13036113175482514
7857,e_demand,2030,328,9,9,0.13036113175482514
7858,e_demand,2030,328,10,10,0.13036113175482514
7859,e_demand,2030,328,11,11,0.005214445270193006
7860,e_demand,2030,328,12,12,0.005214445270193006
7861,e_demand,2030,328,13,13,0.005214445270193006
7862,e_demand,2030,328,14,14,0.005214445270193006
7863,e_demand,2030,328,15,15,0.005214445270193006
7864,e_demand,2030,328,16,16,0.005214445270193006
7865,e_demand,2030,328,17,17,0.005214445270193006
7866,e_demand,2030,328,18,18,0.13036113175482514
7867,e_demand,2030,328,19,19,0.13036113175482514
7868,e_demand,2030,328,20,20,0.13036113175482514
7869,e_demand,2030,328,21,21,0.13036113175482514
7870,e_demand,2030,328,22,22,0.13036113175482514
7871,e_demand,2030,328,23,23,0.13036113175482514
7872,e_demand,2030,328,24,24,0.13036113175482514
7873,e_demand,2030,329,1,1,0.025
7874,e_demand,2030,329,2,2,0.025
7875,e_demand,2030,329,3,3,0.025
7876,e_demand,2030,329,4,4,0.025
7877,e_demand,2030,329,5,5,0.025
7878,e_demand,2030,329,6,6,0.025
7879,e_demand,2030,329,7,7,0.025
7880,e_demand,2030,329,8,8,0.025
7881,e_demand,2030,329,9,9,0.025
7882,e_demand,2030,329,10,10,0.025
7883,e_demand,2030,329,11,11,0.025
7884,e_demand,2030,329,12,12,0.001
7885,e_demand,2030,329,13,13,0.0
7886,e_demand,2030,329,14,14,0.0
7887,e_demand,2030,329,15,15,0.001
7888,e_demand,2030,329,16,16,0.025
7889,e_demand,2030,329,17,17,0.025
7890,e_demand,2030,329,18,18,0.025
7891,e_demand,2030,329,19,19,0.025
7892,e_demand,2030,329,20,20,0.025
7893,e_demand,2030,329,21,21,0.025
7894,e_demand,2030,329,22,22,0.025
7895,e_demand,2030,329,23,23,0.025
7896,e_demand,2030,329,24,24,0.025
7897,e_demand,2030,330,1,1,0.02745933240436318
7898,e_demand,2030,330,2,2,0.02745933240436318
7899,e_demand,2030,330,3,3,0.02745933240436318
7900,e_demand,2030,330,4,4,0.02745933240436318
7901,e_demand,2030,330,5,5,0.02745933240436318
7902,e_demand,2030,330,6,6,0.02745933240436318
7903,e_demand,2030,330,7,7,0.02745933240436318
7904,e_demand,2030,330,8,8,0.02745933240436318
7905,e_demand,2030,330,9,9,0.02745933240436318
7906,e_demand,2030,330,10,10,0.02745933240436318
7907,e_demand,2030,330,11,11,0.02745933240436318
7908,e_demand,2030,330,12,12,0.02745933240436318
7909,e_demand,2030,330,13,13,0.02745933240436318
7910,e_demand,2030,330,14,14,0.02745933240436318
7911,e_demand,2030,330,15,15,0.02745933240436318
7912,e_demand,2030,330,16,16,0.02745933240436318
7913,e_demand,2030,330,17,17,0.02745933240436318
7914,e_demand,2030,330,18,18,0.02745933240436318
7915,e_demand,2030,330,19,19,0.02745933240436318
7916,e_demand,2030,330,20,20,0.02745933240436318
7917,e_demand,2030,330,21,21,0.02745933240436318
7918,e_demand,2030,330,22,22,0.02745933240436318
7919,e_demand,2030,330,23,23,0.02745933240436318
7920,e_demand,2030,330,24,24,0.02745933240436318
7921,e_demand,2030,331,1,1,0.09187229095033594
7922,e_demand,2030,331,2,2,0.09187229095033594
7923,e_demand,2030,331,3,3,0.09187229095033594
7924,e_demand,2030,331,4,4,0.09187229095033594
7925,e_demand,2030,331,5,5,0.09187229095033594
7926,e_demand,2030,331,6,6,0.09187229095033594
7927,e_demand,2030,331,7,7,0.09187229095033594
7928,e_demand,2030,331,8,8,0.09187229095033594
7929,e_demand,2030,331,9,9,0.09187229095033594
7930,e_demand,2030,331,10,10,0.09187229095033594
7931,e_demand,2030,331,11,11,0.09187229095033594
7932,e_demand,2030,331,12,12,0.09187229095033594
7933,e_demand,2030,331,13,13,0.09187229095033594
7934,e_demand,2030,331,14,14,0.09187229095033594
7935,e_demand,2030,331,15,15,0.09187229095033594
7936,e_demand,2030,331,16,16,0.09187229095033594
7937,e_demand,2030,331,17,17,0.09187229095033594
7938,e_demand,2030,331,18,18,0.09187229095033594
7939,e_demand,2030,331,19,19,0.09187229095033594
7940,e_demand,2030,331,20,20,0.09187229095033594
7941,e_demand,2030,331,21,21,0.09187229095033594
7942,e_demand,2030,331,22,22,0.09187229095033594
7943,e_demand,2030,331,23,23,0.09187229095033594
7944,e_demand,2030,331,24,24,0.09187229095033594
7945,e_demand,2030,332,1,1,0.028343154432370524
7946,e_demand,2030,332,2,2,0.028343154432370524
7947,e_demand,2030,332,3,3,0.028343154432370524
7948,e_demand,2030,332,4,4,0.028343154432370524
7949,e_demand,2030,332,5,5,0.028343154432370524
7950,e_demand,2030,332,6,6,0.028343154432370524
7951,e_demand,2030,332,7,7,0.028343154432370524
7952,e_demand,2030,332,8,8,0.028343154432370524
7953,e_demand,2030,332,9,9,0.028343154432370524
7954,e_demand,2030,332,10,10,0.028343154432370524
7955,e_demand,2030,332,11,11,0.028343154432370524
7956,e_demand,2030,332,12,12,0.028343154432370524
7957,e_demand,2030,332,13,13,0.028343154432370524
7958,e_demand,2030,332,14,14,0.028343154432370524
7959,e_demand,2030,332,15,15,0.028343154432370524
7960,e_demand,2030,332,16,16,0.028343154432370524
7961,e_demand,2030,332,17,17,0.028343154432370524
7962,e_demand,2030,332,18,18,0.028343154432370524
7963,e_demand,2030,332,19,19,0.028343154432370524
7964,e_demand,2030,332,20,20,0.028343154432370524
7965,e_demand,2030,332,21,21,0.028343154432370524
7966,e_demand,2030,332,22,22,0.028343154432370524
7967,e_demand,2030,332,23,23,0.028343154432370524
7968,e_demand,2030,332,24,24,0.028343154432370524
7969,e_demand,2030,333,1,1,0.025
7970,e_demand,2030,333,2,2,0.025
7971,e_demand,2030,333,3,3,0.025
7972,e_demand,2030,333,4,4,0.025
7973,e_demand,2030,333,5,5,0.025
7974,e_demand,2030,333,6,6,0.025
7975,e_demand,2030,333,7,7,0.025
7976,e_demand,2030,333,8,8,0.025
7977,e_demand,2030,333,9,9,0.025
7978,e_demand,2030,333,10,10,0.001
7979,e_demand,2030,333,11,11,0.001
7980,e_demand,2030,333,12,12,0.001
7981,e_demand,2030,333,13,13,0.001
7982,e_demand,2030,333,14,14,0.001
7983,e_demand,2030,333,15,15,0.001
7984,e_demand,2030,333,16,16,0.025
7985,e_demand,2030,333,17,17,0.025
7986,e_demand,2030,333,18,18,0.025
7987,e_demand,2030,333,19,19,0.025
7988,e_demand,2030,333,20,20,0.025
7989,e_demand,2030,333,21,21,0.025
7990,e_demand,2030,333,22,22,0.025
7991,e_demand,2030,333,23,23,0.025
7992,e_demand,2030,333,24,24,0.025
7993,e_demand,2030,334,1,1,0.11915267291809058
7994,e_demand,2030,334,2,2,0.11915267291809058
7995,e_demand,2030,334,3,3,0.11915267291809058
7996,e_demand,2030,334,4,4,0.11915267291809058
7997,e_demand,2030,334,5,5,0.11915267291809058
7998,e_demand,2030,334,6,6,0.11915267291809058
7999,e_demand,2030,334,7,7,0.11915267291809058
8000,e_demand,2030,334,8,8,0.11915267291809058
8001,e_demand,2030,334,9,9,0.11915267291809058
8002,e_demand,2030,334,10,10,0.11915267291809058
8003,e_demand,2030,334,11,11,0.004766106916723623
8004,e_demand,2030,334,12,12,0.004766106916723623
8005,e_demand,2030,334,13,13,0.004766106916723623
8006,e_demand,2030,334,14,14,0.004766106916723623
8007,e_demand,2030,334,15,15,0.004766106916723623
8008,e_demand,2030,334,16,16,0.004766106916723623
8009,e_demand,2030,334,17,17,0.11915267291809058
8010,e_demand,2030,334,18,18,0.11915267291809058
8011,e_demand,2030,334,19,19,0.11915267291809058
8012,e_demand,2030,334,20,20,0.11915267291809058
8013,e_demand,2030,334,21,21,0.11915267291809058
8014,e_demand,2030,334,22,22,0.11915267291809058
8015,e_demand,2030,334,23,23,0.11915267291809058
8016,e_demand,2030,334,24,24,0.11915267291809058
8017,e_demand,2030,335,1,1,0.21880965091576626
8018,e_demand,2030,335,2,2,0.21880965091576626
8019,e_demand,2030,335,3,3,0.21880965091576626
8020,e_demand,2030,335,4,4,0.21880965091576626
8021,e_demand,2030,335,5,5,0.00875238603663065
8022,e_demand,2030,335,6,6,0.21880965091576626
8023,e_demand,2030,335,7,7,0.21880965091576626
8024,e_demand,2030,335,8,8,0.21880965091576626
8025,e_demand,2030,335,9,9,0.21880965091576626
8026,e_demand,2030,335,10,10,0.21880965091576626
8027,e_demand,2030,335,11,11,0.00875238603663065
8028,e_demand,2030,335,12,12,0.00875238603663065
8029,e_demand,2030,335,13,13,0.00875238603663065
8030,e_demand,2030,335,14,14,0.00875238603663065
8031,e_demand,2030,335,15,15,0.00875238603663065
8032,e_demand,2030,335,16,16,0.00875238603663065
8033,e_demand,2030,335,17,17,0.21880965091576626
8034,e_demand,2030,335,18,18,0.21880965091576626
8035,e_demand,2030,335,19,19,0.21880965091576626
8036,e_demand,2030,335,20,20,0.21880965091576626
8037,e_demand,2030,335,21,21,0.21880965091576626
8038,e_demand,2030,335,22,22,0.21880965091576626
8039,e_demand,2030,335,23,23,0.21880965091576626
8040,e_demand,2030,335,24,24,0.21880965091576626
8041,e_demand,2030,336,1,1,0.008238672841833784
8042,e_demand,2030,336,2,2,0.008238672841833784
8043,e_demand,2030,336,3,3,0.008238672841833784
8044,e_demand,2030,336,4,4,0.008238672841833784
8045,e_demand,2030,336,5,5,0.008238672841833784
8046,e_demand,2030,336,6,6,0.008238672841833784
8047,e_demand,2030,336,7,7,0.008238672841833784
8048,e_demand,2030,336,8,8,0.20596682104584463
8049,e_demand,2030,336,9,9,0.20596682104584463
8050,e_demand,2030,336,10,10,0.008238672841833784
8051,e_demand,2030,336,11,11,0.008238672841833784
8052,e_demand,2030,336,12,12,0.008238672841833784
8053,e_demand,2030,336,13,13,0.008238672841833784
8054,e_demand,2030,336,14,14,0.008238672841833784
8055,e_demand,2030,336,15,15,0.008238672841833784
8056,e_demand,2030,336,16,16,0.008238672841833784
8057,e_demand,2030,336,17,17,0.008238672841833784
8058,e_demand,2030,336,18,18,0.20596682104584463
8059,e_demand,2030,336,19,19,0.20596682104584463
8060,e_demand,2030,336,20,20,0.20596682104584463
8061,e_demand,2030,336,21,21,0.20596682104584463
8062,e_demand,2030,336,22,22,0.008238672841833784
8063,e_demand,2030,336,23,23,0.008238672841833784
8064,e_demand,2030,336,24,24,0.008238672841833784
8065,e_demand,2030,337,1,1,0.21307793835073374
8066,e_demand,2030,337,2,2,0.21307793835073374
8067,e_demand,2030,337,3,3,0.21307793835073374
8068,e_demand,2030,337,4,4,0.21307793835073374
8069,e_demand,2030,337,5,5,0.21307793835073374
8070,e_demand,2030,337,6,6,0.21307793835073374
8071,e_demand,2030,337,7,7,0.21307793835073374
8072,e_demand,2030,337,8,8,0.21307793835073374
8073,e_demand,2030,337,9,9,0.21307793835073374
8074,e_demand,2030,337,10,10,0.21307793835073374
8075,e_demand,2030,337,11,11,0.21307793835073374
8076,e_demand,2030,337,12,12,0.21307793835073374
8077,e_demand,2030,337,13,13,0.21307793835073374
8078,e_demand,2030,337,14,14,0.00852311753402935
8079,e_demand,2030,337,15,15,0.21307793835073374
8080,e_demand,2030,337,16,16,0.21307793835073374
8081,e_demand,2030,337,17,17,0.21307793835073374
8082,e_demand,2030,337,18,18,0.21307793835073374
8083,e_demand,2030,337,19,19,0.21307793835073374
8084,e_demand,2030,337,20,20,0.21307793835073374
8085,e_demand,2030,337,21,21,0.21307793835073374
8086,e_demand,2030,337,22,22,0.21307793835073374
8087,e_demand,2030,337,23,23,0.21307793835073374
8088,e_demand,2030,337,24,24,0.21307793835073374
8089,e_demand,2030,338,1,1,0.15720123843320716
8090,e_demand,2030,338,2,2,0.15720123843320716
8091,e_demand,2030,338,3,3,0.15720123843320716
8092,e_demand,2030,338,4,4,0.15720123843320716
8093,e_demand,2030,338,5,5,0.15720123843320716
8094,e_demand,2030,338,6,6,0.15720123843320716
8095,e_demand,2030,338,7,7,0.15720123843320716
8096,e_demand,2030,338,8,8,0.15720123843320716
8097,e_demand,2030,338,9,9,0.15720123843320716
8098,e_demand,2030,338,10,10,0.15720123843320716
8099,e_demand,2030,338,11,11,0.15720123843320716
8100,e_demand,2030,338,12,12,0.15720123843320716
8101,e_demand,2030,338,13,13,0.15720123843320716
8102,e_demand,2030,338,14,14,0.006288049537328286
8103,e_demand,2030,338,15,15,0.15720123843320716
8104,e_demand,2030,338,16,16,0.15720123843320716
8105,e_demand,2030,338,17,17,0.15720123843320716
8106,e_demand,2030,338,18,18,0.15720123843320716
8107,e_demand,2030,338,19,19,0.15720123843320716
8108,e_demand,2030,338,20,20,0.15720123843320716
8109,e_demand,2030,338,21,21,0.15720123843320716
8110,e_demand,2030,338,22,22,0.15720123843320716
8111,e_demand,2030,338,23,23,0.15720123843320716
8112,e_demand,2030,338,24,24,0.15720123843320716
8113,e_demand,2030,339,1,1,0.12086510439142675
8114,e_demand,2030,339,2,2,0.12086510439142675
8115,e_demand,2030,339,3,3,0.12086510439142675
8116,e_demand,2030,339,4,4,0.12086510439142675
8117,e_demand,2030,339,5,5,0.12086510439142675
8118,e_demand,2030,339,6,6,0.12086510439142675
8119,e_demand,2030,339,7,7,0.12086510439142675
8120,e_demand,2030,339,8,8,0.12086510439142675
8121,e_demand,2030,339,9,9,0.12086510439142675
8122,e_demand,2030,339,10,10,0.12086510439142675
8123,e_demand,2030,339,11,11,0.00483460417565707
8124,e_demand,2030,339,12,12,0.00483460417565707
8125,e_demand,2030,339,13,13,0.00483460417565707
8126,e_demand,2030,339,14,14,0.00483460417565707
8127,e_demand,2030,339,15,15,0.00483460417565707
8128,e_demand,2030,339,16,16,0.00483460417565707
8129,e_demand,2030,339,17,17,0.12086510439142675
8130,e_demand,2030,339,18,18,0.12086510439142675
8131,e_demand,2030,339,19,19,0.12086510439142675
8132,e_demand,2030,339,20,20,0.12086510439142675
8133,e_demand,2030,339,21,21,0.12086510439142675
8134,e_demand,2030,339,22,22,0.12086510439142675
8135,e_demand,2030,339,23,23,0.12086510439142675
8136,e_demand,2030,339,24,24,0.12086510439142675
8137,e_demand,2030,340,1,1,0.12783509867520274
8138,e_demand,2030,340,2,2,0.12783509867520274
8139,e_demand,2030,340,3,3,0.12783509867520274
8140,e_demand,2030,340,4,4,0.12783509867520274
8141,e_demand,2030,340,5,5,0.12783509867520274
8142,e_demand,2030,340,6,6,0.12783509867520274
8143,e_demand,2030,340,7,7,0.12783509867520274
8144,e_demand,2030,340,8,8,0.12783509867520274
8145,e_demand,2030,340,9,9,0.12783509867520274
8146,e_demand,2030,340,10,10,0.12783509867520274
8147,e_demand,2030,340,11,11,0.12783509867520274
8148,e_demand,2030,340,12,12,0.12783509867520274
8149,e_demand,2030,340,13,13,0.12783509867520274
8150,e_demand,2030,340,14,14,0.12783509867520274
8151,e_demand,2030,340,15,15,0.12783509867520274
8152,e_demand,2030,340,16,16,0.12783509867520274
8153,e_demand,2030,340,17,17,0.12783509867520274
8154,e_demand,2030,340,18,18,0.12783509867520274
8155,e_demand,2030,340,19,19,0.12783509867520274
8156,e_demand,2030,340,20,20,0.12783509867520274
8157,e_demand,2030,340,21,21,0.12783509867520274
8158,e_demand,2030,340,22,22,0.12783509867520274
8159,e_demand,2030,340,23,23,0.12783509867520274
8160,e_demand,2030,340,24,24,0.12783509867520274
8161,e_demand,2030,341,1,1,0.08526145129190305
8162,e_demand,2030,341,2,2,0.08526145129190305
8163,e_demand,2030,341,3,3,0.08526145129190305
8164,e_demand,2030,341,4,4,0.08526145129190305
8165,e_demand,2030,341,5,5,0.08526145129190305
8166,e_demand,2030,341,6,6,0.08526145129190305
8167,e_demand,2030,341,7,7,0.08526145129190305
8168,e_demand,2030,341,8,8,0.08526145129190305
8169,e_demand,2030,341,9,9,0.08526145129190305
8170,e_demand,2030,341,10,10,0.08526145129190305
8171,e_demand,2030,341,11,11,0.08526145129190305
8172,e_demand,2030,341,12,12,0.08526145129190305
8173,e_demand,2030,341,13,13,0.08526145129190305
8174,e_demand,2030,341,14,14,0.08526145129190305
8175,e_demand,2030,341,15,15,0.08526145129190305
8176,e_demand,2030,341,16,16,0.08526145129190305
8177,e_demand,2030,341,17,17,0.08526145129190305
8178,e_demand,2030,341,18,18,0.08526145129190305
8179,e_demand,2030,341,19,19,0.08526145129190305
8180,e_demand,2030,341,20,20,0.11936603180866427
8181,e_demand,2030,341,21,21,0.11936603180866427
8182,e_demand,2030,341,22,22,0.08526145129190305
8183,e_demand,2030,341,23,23,0.08526145129190305
8184,e_demand,2030,341,24,24,0.08526145129190305
8185,e_demand,2030,342,1,1,0.16431743814455146
8186,e_demand,2030,342,2,2,0.16431743814455146
8187,e_demand,2030,342,3,3,0.16431743814455146
8188,e_demand,2030,342,4,4,0.16431743814455146
8189,e_demand,2030,342,5,5,0.16431743814455146
8190,e_demand,2030,342,6,6,0.16431743814455146
8191,e_demand,2030,342,7,7,0.16431743814455146
8192,e_demand,2030,342,8,8,0.16431743814455146
8193,e_demand,2030,342,9,9,0.16431743814455146
8194,e_demand,2030,342,10,10,0.16431743814455146
8195,e_demand,2030,342,11,11,0.16431743814455146
8196,e_demand,2030,342,12,12,0.16431743814455146
8197,e_demand,2030,342,13,13,0.16431743814455146
8198,e_demand,2030,342,14,14,0.16431743814455146
8199,e_demand,2030,342,15,15,0.16431743814455146
8200,e_demand,2030,342,16,16,0.16431743814455146
8201,e_demand,2030,342,17,17,0.16431743814455146
8202,e_demand,2030,342,18,18,0.16431743814455146
8203,e_demand,2030,342,19,19,0.16431743814455146
8204,e_demand,2030,342,20,20,0.16431743814455146
8205,e_demand,2030,342,21,21,0.16431743814455146
8206,e_demand,2030,342,22,22,0.16431743814455146
8207,e_demand,2030,342,23,23,0.16431743814455146
8208,e_demand,2030,342,24,24,0.16431743814455146
8209,e_demand,2030,343,1,1,0.016846251495984645
8210,e_demand,2030,343,2,2,0.016846251495984645
8211,e_demand,2030,343,3,3,0.016846251495984645
8212,e_demand,2030,343,4,4,0.016846251495984645
8213,e_demand,2030,343,5,5,0.016846251495984645
8214,e_demand,2030,343,6,6,0.016846251495984645
8215,e_demand,2030,343,7,7,0.1698815652343609
8216,e_demand,2030,343,8,8,0.4211562873996162
8217,e_demand,2030,343,9,9,0.4211562873996162
8218,e_demand,2030,343,10,10,0.016846251495984645
8219,e_demand,2030,343,11,11,0.016846251495984645
8220,e_demand,2030,343,12,12,0.016846251495984645
8221,e_demand,2030,343,13,13,0.016846251495984645
8222,e_demand,2030,343,14,14,0.016846251495984645
8223,e_demand,2030,343,15,15,0.016846251495984645
8224,e_demand,2030,343,16,16,0.016846251495984645
8225,e_demand,2030,343,17,17,0.016846251495984645
8226,e_demand,2030,343,18,18,0.016846251495984645
8227,e_demand,2030,343,19,19,0.4211562873996162
8228,e_demand,2030,343,20,20,0.4211562873996162
8229,e_demand,2030,343,21,21,0.4211562873996162
8230,e_demand,2030,343,22,22,0.4211562873996162
8231,e_demand,2030,343,23,23,0.016846251495984645
8232,e_demand,2030,343,24,24,0.016846251495984645
8233,e_demand,2030,344,1,1,0.027379067394829426
8234,e_demand,2030,344,2,2,0.027379067394829426
8235,e_demand,2030,344,3,3,0.027379067394829426
8236,e_demand,2030,344,4,4,0.027379067394829426
8237,e_demand,2030,344,5,5,0.027379067394829426
8238,e_demand,2030,344,6,6,0.027379067394829426
8239,e_demand,2030,344,7,7,0.027379067394829426
8240,e_demand,2030,344,8,8,0.027379067394829426
8241,e_demand,2030,344,9,9,0.001095162695793177
8242,e_demand,2030,344,10,10,0.001095162695793177
8243,e_demand,2030,344,11,11,0.001095162695793177
8244,e_demand,2030,344,12,12,0.001095162695793177
8245,e_demand,2030,344,13,13,0.0
8246,e_demand,2030,344,14,14,0.0
8247,e_demand,2030,344,15,15,0.001095162695793177
8248,e_demand,2030,344,16,16,0.001095162695793177
8249,e_demand,2030,344,17,17,0.001095162695793177
8250,e_demand,2030,344,18,18,0.001095162695793177
8251,e_demand,2030,344,19,19,0.027379067394829426
8252,e_demand,2030,344,20,20,0.027379067394829426
8253,e_demand,2030,344,21,21,0.027379067394829426
8254,e_demand,2030,344,22,22,0.027379067394829426
8255,e_demand,2030,344,23,23,0.027379067394829426
8256,e_demand,2030,344,24,24,0.027379067394829426
8257,e_demand,2030,345,1,1,0.05089364868012343
8258,e_demand,2030,345,2,2,0.05089364868012343
8259,e_demand,2030,345,3,3,0.05089364868012343
8260,e_demand,2030,345,4,4,0.05089364868012343
8261,e_demand,2030,345,5,5,0.05089364868012343
8262,e_demand,2030,345,6,6,0.05089364868012343
8263,e_demand,2030,345,7,7,0.05089364868012343
8264,e_demand,2030,345,8,8,0.05089364868012343
8265,e_demand,2030,345,9,9,0.05089364868012343
8266,e_demand,2030,345,10,10,0.05089364868012343
8267,e_demand,2030,345,11,11,0.002035745947204937
8268,e_demand,2030,345,12,12,0.002035745947204937
8269,e_demand,2030,345,13,13,0.002035745947204937
8270,e_demand,2030,345,14,14,0.002035745947204937
8271,e_demand,2030,345,15,15,0.002035745947204937
8272,e_demand,2030,345,16,16,0.05089364868012343
8273,e_demand,2030,345,17,17,0.05089364868012343
8274,e_demand,2030,345,18,18,0.05089364868012343
8275,e_demand,2030,345,19,19,0.05089364868012343
8276,e_demand,2030,345,20,20,0.05089364868012343
8277,e_demand,2030,345,21,21,0.05089364868012343
8278,e_demand,2030,345,22,22,0.05089364868012343
8279,e_demand,2030,345,23,23,0.05089364868012343
8280,e_demand,2030,345,24,24,0.05089364868012343
8281,e_demand,2030,346,1,1,0.07940320330605971
8282,e_demand,2030,346,2,2,0.07940320330605971
8283,e_demand,2030,346,3,3,0.07940320330605971
8284,e_demand,2030,346,4,4,0.07940320330605971
8285,e_demand,2030,346,5,5,0.07940320330605971
8286,e_demand,2030,346,6,6,0.07940320330605971
8287,e_demand,2030,346,7,7,0.07940320330605971
8288,e_demand,2030,346,8,8,0.07940320330605971
8289,e_demand,2030,346,9,9,0.003176128132242388
8290,e_demand,2030,346,10,10,0.003176128132242388
8291,e_demand,2030,346,11,11,0.003176128132242388
8292,e_demand,2030,346,12,12,0.003176128132242388
8293,e_demand,2030,346,13,13,0.0
8294,e_demand,2030,346,14,14,0.0
8295,e_demand,2030,346,15,15,0.0
8296,e_demand,2030,346,16,16,0.003176128132242388
8297,e_demand,2030,346,17,17,0.003176128132242388
8298,e_demand,2030,346,18,18,0.07940320330605971
8299,e_demand,2030,346,19,19,0.07940320330605971
8300,e_demand,2030,346,20,20,0.07940320330605971
8301,e_demand,2030,346,21,21,0.07940320330605971
8302,e_demand,2030,346,22,22,0.07940320330605971
8303,e_demand,2030,346,23,23,0.07940320330605971
8304,e_demand,2030,346,24,24,0.07940320330605971
8305,e_demand,2030,347,1,1,0.003084503651191084
8306,e_demand,2030,347,2,2,0.003084503651191084
8307,e_demand,2030,347,3,3,0.003084503651191084
8308,e_demand,2030,347,4,4,0.003084503651191084
8309,e_demand,2030,347,5,5,0.003084503651191084
8310,e_demand,2030,347,6,6,0.003084503651191084
8311,e_demand,2030,347,7,7,0.0771125912797771
8312,e_demand,2030,347,8,8,0.0771125912797771
8313,e_demand,2030,347,9,9,0.0771125912797771
8314,e_demand,2030,347,10,10,0.003084503651191084
8315,e_demand,2030,347,11,11,0.003084503651191084
8316,e_demand,2030,347,12,12,0.003084503651191084
8317,e_demand,2030,347,13,13,0.003084503651191084
8318,e_demand,2030,347,14,14,0.003084503651191084
8319,e_demand,2030,347,15,15,0.003084503651191084
8320,e_demand,2030,347,16,16,0.003084503651191084
8321,e_demand,2030,347,17,17,0.003084503651191084
8322,e_demand,2030,347,18,18,0.0771125912797771
8323,e_demand,2030,347,19,19,0.0771125912797771
8324,e_demand,2030,347,20,20,0.0771125912797771
8325,e_demand,2030,347,21,21,0.0771125912797771
8326,e_demand,2030,347,22,22,0.0771125912797771
8327,e_demand,2030,347,23,23,0.003084503651191084
8328,e_demand,2030,347,24,24,0.003084503651191084
8329,e_demand,2030,348,1,1,0.044301670606566514
8330,e_demand,2030,348,2,2,0.044301670606566514
8331,e_demand,2030,348,3,3,0.044301670606566514
8332,e_demand,2030,348,4,4,0.044301670606566514
8333,e_demand,2030,348,5,5,0.044301670606566514
8334,e_demand,2030,348,6,6,0.044301670606566514
8335,e_demand,2030,348,7,7,0.044301670606566514
8336,e_demand,2030,348,8,8,0.044301670606566514
8337,e_demand,2030,348,9,9,0.044301670606566514
8338,e_demand,2030,348,10,10,0.044301670606566514
8339,e_demand,2030,348,11,11,0.044301670606566514
8340,e_demand,2030,348,12,12,0.044301670606566514
8341,e_demand,2030,348,13,13,0.044301670606566514
8342,e_demand,2030,348,14,14,0.044301670606566514
8343,e_demand,2030,348,15,15,0.044301670606566514
8344,e_demand,2030,348,16,16,0.044301670606566514
8345,e_demand,2030,348,17,17,0.044301670606566514
8346,e_demand,2030,348,18,18,0.044301670606566514
8347,e_demand,2030,348,19,19,0.044301670606566514
8348,e_demand,2030,348,20,20,0.044301670606566514
8349,e_demand,2030,348,21,21,0.044301670606566514
8350,e_demand,2030,348,22,22,0.044301670606566514
8351,e_demand,2030,348,23,23,0.044301670606566514
8352,e_demand,2030,348,24,24,0.044301670606566514
8353,e_demand,2030,349,1,1,0.04294888484936174
8354,e_demand,2030,349,2,2,0.04294888484936174
8355,e_demand,2030,349,3,3,0.04294888484936174
8356,e_demand,2030,349,4,4,0.04294888484936174
8357,e_demand,2030,349,5,5,0.04294888484936174
8358,e_demand,2030,349,6,6,0.04294888484936174
8359,e_demand,2030,349,7,7,0.04294888484936174
8360,e_demand,2030,349,8,8,0.04294888484936174
8361,e_demand,2030,349,9,9,0.04294888484936174
8362,e_demand,2030,349,10,10,0.04294888484936174
8363,e_demand,2030,349,11,11,0.04294888484936174
8364,e_demand,2030,349,12,12,0.04294888484936174
8365,e_demand,2030,349,13,13,0.04294888484936174
8366,e_demand,2030,349,14,14,0.0017179553939744695
8367,e_demand,2030,349,15,15,0.04294888484936174
8368,e_demand,2030,349,16,16,0.04294888484936174
8369,e_demand,2030,349,17,17,0.04294888484936174
8370,e_demand,2030,349,18,18,0.04294888484936174
8371,e_demand,2030,349,19,19,0.04294888484936174
8372,e_demand,2030,349,20,20,0.04294888484936174
8373,e_demand,2030,349,21,21,0.04294888484936174
8374,e_demand,2030,349,22,22,0.04294888484936174
8375,e_demand,2030,349,23,23,0.04294888484936174
8376,e_demand,2030,349,24,24,0.04294888484936174
8377,e_demand,2030,350,1,1,0.36358355851346225
8378,e_demand,2030,350,2,2,0.36358355851346225
8379,e_demand,2030,350,3,3,0.36358355851346225
8380,e_demand,2030,350,4,4,0.36358355851346225
8381,e_demand,2030,350,5,5,0.36358355851346225
8382,e_demand,2030,350,6,6,0.36358355851346225
8383,e_demand,2030,350,7,7,0.36358355851346225
8384,e_demand,2030,350,8,8,0.36358355851346225
8385,e_demand,2030,350,9,9,0.36358355851346225
8386,e_demand,2030,350,10,10,0.36358355851346225
8387,e_demand,2030,350,11,11,0.36358355851346225
8388,e_demand,2030,350,12,12,0.014543342340538489
8389,e_demand,2030,350,13,13,0.014543342340538489
8390,e_demand,2030,350,14,14,0.014543342340538489
8391,e_demand,2030,350,15,15,0.014543342340538489
8392,e_demand,2030,350,16,16,0.014543342340538489
8393,e_demand,2030,350,17,17,0.36358355851346225
8394,e_demand,2030,350,18,18,0.36358355851346225
8395,e_demand,2030,350,19,19,0.36358355851346225
8396,e_demand,2030,350,20,20,0.36358355851346225
8397,e_demand,2030,350,21,21,0.36358355851346225
8398,e_demand,2030,350,22,22,0.36358355851346225
8399,e_demand,2030,350,23,23,0.36358355851346225
8400,e_demand,2030,350,24,24,0.36358355851346225
8401,e_demand,2030,351,1,1,0.03707576150666562
8402,e_demand,2030,351,2,2,0.03707576150666562
8403,e_demand,2030,351,3,3,0.03707576150666562
8404,e_demand,2030,351,4,4,0.03707576150666562
8405,e_demand,2030,351,5,5,0.03707576150666562
8406,e_demand,2030,351,6,6,0.03707576150666562
8407,e_demand,2030,351,7,7,0.03707576150666562
8408,e_demand,2030,351,8,8,0.03707576150666562
8409,e_demand,2030,351,9,9,0.03707576150666562
8410,e_demand,2030,351,10,10,0.03707576150666562
8411,e_demand,2030,351,11,11,0.0014830304602666247
8412,e_demand,2030,351,12,12,0.0014830304602666247
8413,e_demand,2030,351,13,13,0.0014830304602666247
8414,e_demand,2030,351,14,14,0.0014830304602666247
8415,e_demand,2030,351,15,15,0.0014830304602666247
8416,e_demand,2030,351,16,16,0.03707576150666562
8417,e_demand,2030,351,17,17,0.03707576150666562
8418,e_demand,2030,351,18,18,0.03707576150666562
8419,e_demand,2030,351,19,19,0.03707576150666562
8420,e_demand,2030,351,20,20,0.03707576150666562
8421,e_demand,2030,351,21,21,0.03707576150666562
8422,e_demand,2030,351,22,22,0.03707576150666562
8423,e_demand,2030,351,23,23,0.03707576150666562
8424,e_demand,2030,351,24,24,0.03707576150666562
8425,e_demand,2030,352,1,1,0.10518638904521832
8426,e_demand,2030,352,2,2,0.10518638904521832
8427,e_demand,2030,352,3,3,0.10518638904521832
8428,e_demand,2030,352,4,4,0.10518638904521832
8429,e_demand,2030,352,5,5,0.10518638904521832
8430,e_demand,2030,352,6,6,0.10518638904521832
8431,e_demand,2030,352,7,7,0.10518638904521832
8432,e_demand,2030,352,8,8,0.10518638904521832
8433,e_demand,2030,352,9,9,0.10518638904521832
8434,e_demand,2030,352,10,10,0.10518638904521832
8435,e_demand,2030,352,11,11,0.10518638904521832
8436,e_demand,2030,352,12,12,0.10518638904521832
8437,e_demand,2030,352,13,13,0.10518638904521832
8438,e_demand,2030,352,14,14,0.10518638904521832
8439,e_demand,2030,352,15,15,0.10518638904521832
8440,e_demand,2030,352,16,16,0.10518638904521832
8441,e_demand,2030,352,17,17,0.10518638904521832
8442,e_demand,2030,352,18,18,0.10518638904521832
8443,e_demand,2030,352,19,19,0.10518638904521832
8444,e_demand,2030,352,20,20,0.10518638904521832
8445,e_demand,2030,352,21,21,0.10518638904521832
8446,e_demand,2030,352,22,22,0.10518638904521832
8447,e_demand,2030,352,23,23,0.10518638904521832
8448,e_demand,2030,352,24,24,0.10518638904521832
8449,e_demand,2030,353,1,1,0.026222491610801542
8450,e_demand,2030,353,2,2,0.026222491610801542
8451,e_demand,2030,353,3,3,0.026222491610801542
8452,e_demand,2030,353,4,4,0.026222491610801542
8453,e_demand,2030,353,5,5,0.026222491610801542
8454,e_demand,2030,353,6,6,0.026222491610801542
8455,e_demand,2030,353,7,7,0.026222491610801542
8456,e_demand,2030,353,8,8,0.03671148825512216
8457,e_demand,2030,353,9,9,0.026222491610801542
8458,e_demand,2030,353,10,10,0.026222491610801542
8459,e_demand,2030,353,11,11,0.026222491610801542
8460,e_demand,2030,353,12,12,0.026222491610801542
8461,e_demand,2030,353,13,13,0.026222491610801542
8462,e_demand,2030,353,14,14,0.026222491610801542
8463,e_demand,2030,353,15,15,0.026222491610801542
8464,e_demand,2030,353,16,16,0.026222491610801542
8465,e_demand,2030,353,17,17,0.026222491610801542
8466,e_demand,2030,353,18,18,0.026222491610801542
8467,e_demand,2030,353,19,19,0.03671148825512216
8468,e_demand,2030,353,20,20,0.03671148825512216
8469,e_demand,2030,353,21,21,0.03671148825512216
8470,e_demand,2030,353,22,22,0.03671148825512216
8471,e_demand,2030,353,23,23,0.026222491610801542
8472,e_demand,2030,353,24,24,0.026222491610801542
8473,e_demand,2030,354,1,1,0.02740148025303912
8474,e_demand,2030,354,2,2,0.02740148025303912
8475,e_demand,2030,354,3,3,0.02740148025303912
8476,e_demand,2030,354,4,4,0.02740148025303912
8477,e_demand,2030,354,5,5,0.02740148025303912
8478,e_demand,2030,354,6,6,0.02740148025303912
8479,e_demand,2030,354,7,7,0.02740148025303912
8480,e_demand,2030,354,8,8,0.02740148025303912
8481,e_demand,2030,354,9,9,0.02740148025303912
8482,e_demand,2030,354,10,10,0.02740148025303912
8483,e_demand,2030,354,11,11,0.02740148025303912
8484,e_demand,2030,354,12,12,0.02740148025303912
8485,e_demand,2030,354,13,13,0.02740148025303912
8486,e_demand,2030,354,14,14,0.02740148025303912
8487,e_demand,2030,354,15,15,0.02740148025303912
8488,e_demand,2030,354,16,16,0.02740148025303912
8489,e_demand,2030,354,17,17,0.02740148025303912
8490,e_demand,2030,354,18,18,0.02740148025303912
8491,e_demand,2030,354,19,19,0.02740148025303912
8492,e_demand,2030,354,20,20,0.02740148025303912
8493,e_demand,2030,354,21,21,0.02740148025303912
8494,e_demand,2030,354,22,22,0.02740148025303912
8495,e_demand,2030,354,23,23,0.02740148025303912
8496,e_demand,2030,354,24,24,0.02740148025303912
8497,e_demand,2030,355,1,1,0.030738072199241625
8498,e_demand,2030,355,2,2,0.030738072199241625
8499,e_demand,2030,355,3,3,0.030738072199241625
8500,e_demand,2030,355,4,4,0.030738072199241625
8501,e_demand,2030,355,5,5,0.030738072199241625
8502,e_demand,2030,355,6,6,0.030738072199241625
8503,e_demand,2030,355,7,7,0.030738072199241625
8504,e_demand,2030,355,8,8,0.030738072199241625
8505,e_demand,2030,355,9,9,0.030738072199241625
8506,e_demand,2030,355,10,10,0.030738072199241625
8507,e_demand,2030,355,11,11,0.0012295228879696648
8508,e_demand,2030,355,12,12,0.0
8509,e_demand,2030,355,13,13,0.0
8510,e_demand,2030,355,14,14,0.0
8511,e_demand,2030,355,15,15,0.0012295228879696648
8512,e_demand,2030,355,16,16,0.0012295228879696648
8513,e_demand,2030,355,17,17,0.030738072199241625
8514,e_demand,2030,355,18,18,0.030738072199241625
8515,e_demand,2030,355,19,19,0.030738072199241625
8516,e_demand,2030,355,20,20,0.030738072199241625
8517,e_demand,2030,355,21,21,0.030738072199241625
8518,e_demand,2030,355,22,22,0.030738072199241625
8519,e_demand,2030,355,23,23,0.030738072199241625
8520,e_demand,2030,355,24,24,0.030738072199241625
8521,e_demand,2030,356,1,1,0.3686799157239904
8522,e_demand,2030,356,2,2,0.3686799157239904
8523,e_demand,2030,356,3,3,0.014747196628959616
8524,e_demand,2030,356,4,4,0.014747196628959616
8525,e_demand,2030,356,5,5,0.014747196628959616
8526,e_demand,2030,356,6,6,0.014747196628959616
8527,e_demand,2030,356,7,7,0.014747196628959616
8528,e_demand,2030,356,8,8,0.014747196628959616
8529,e_demand,2030,356,9,9,0.014747196628959616
8530,e_demand,2030,356,10,10,0.014747196628959616
8531,e_demand,2030,356,11,11,0.014747196628959616
8532,e_demand,2030,356,12,12,0.014747196628959616
8533,e_demand,2030,356,13,13,0.014747196628959616
8534,e_demand,2030,356,14,14,0.014747196628959616
8535,e_demand,2030,356,15,15,0.014747196628959616
8536,e_demand,2030,356,16,16,0.014747196628959616
8537,e_demand,2030,356,17,17,0.014747196628959616
8538,e_demand,2030,356,18,18,0.014747196628959616
8539,e_demand,2030,356,19,19,0.3686799157239904
8540,e_demand,2030,356,20,20,0.3686799157239904
8541,e_demand,2030,356,21,21,0.3686799157239904
8542,e_demand,2030,356,22,22,0.3686799157239904
8543,e_demand,2030,356,23,23,0.3686799157239904
8544,e_demand,2030,356,24,24,0.014747196628959616
8545,e_demand,2030,357,1,1,0.0012510848555436146
8546,e_demand,2030,357,2,2,0.0012510848555436146
8547,e_demand,2030,357,3,3,0.0012510848555436146
8548,e_demand,2030,357,4,4,0.0012510848555436146
8549,e_demand,2030,357,5,5,0.0012510848555436146
8550,e_demand,2030,357,6,6,0.031277121388590366
8551,e_demand,2030,357,7,7,0.031277121388590366
8552,e_demand,2030,357,8,8,0.031277121388590366
8553,e_demand,2030,357,9,9,0.031277121388590366
8554,e_demand,2030,357,10,10,0.031277121388590366
8555,e_demand,2030,357,11,11,0.031277121388590366
8556,e_demand,2030,357,12,12,0.0012510848555436146
8557,e_demand,2030,357,13,13,0.0012510848555436146
8558,e_demand,2030,357,14,14,0.0012510848555436146
8559,e_demand,2030,357,15,15,0.0012510848555436146
8560,e_demand,2030,357,16,16,0.0012510848555436146
8561,e_demand,2030,357,17,17,0.031277121388590366
8562,e_demand,2030,357,18,18,0.031277121388590366
8563,e_demand,2030,357,19,19,0.031277121388590366
8564,e_demand,2030,357,20,20,0.031277121388590366
8565,e_demand,2030,357,21,21,0.031277121388590366
8566,e_demand,2030,357,22,22,0.031277121388590366
8567,e_demand,2030,357,23,23,0.031277121388590366
8568,e_demand,2030,357,24,24,0.031277121388590366
8569,e_demand,2030,358,1,1,0.11178525026238031
8570,e_demand,2030,358,2,2,0.11178525026238031
8571,e_demand,2030,358,3,3,0.11178525026238031
8572,e_demand,2030,358,4,4,0.11178525026238031
8573,e_demand,2030,358,5,5,0.11178525026238031
8574,e_demand,2030,358,6,6,0.11178525026238031
8575,e_demand,2030,358,7,7,0.11178525026238031
8576,e_demand,2030,358,8,8,0.11178525026238031
8577,e_demand,2030,358,9,9,0.11178525026238031
8578,e_demand,2030,358,10,10,0.11178525026238031
8579,e_demand,2030,358,11,11,0.11178525026238031
8580,e_demand,2030,358,12,12,0.004471410010495213
8581,e_demand,2030,358,13,13,0.004471410010495213
8582,e_demand,2030,358,14,14,0.004471410010495213
8583,e_demand,2030,358,15,15,0.004471410010495213
8584,e_demand,2030,358,16,16,0.11178525026238031
8585,e_demand,2030,358,17,17,0.11178525026238031
8586,e_demand,2030,358,18,18,0.11178525026238031
8587,e_demand,2030,358,19,19,0.11178525026238031
8588,e_demand,2030,358,20,20,0.11178525026238031
8589,e_demand,2030,358,21,21,0.11178525026238031
8590,e_demand,2030,358,22,22,0.11178525026238031
8591,e_demand,2030,358,23,23,0.11178525026238031
8592,e_demand,2030,358,24,24,0.11178525026238031
8593,e_demand,2030,359,1,1,0.27041110702752136
8594,e_demand,2030,359,2,2,0.27041110702752136
8595,e_demand,2030,359,3,3,0.27041110702752136
8596,e_demand,2030,359,4,4,0.27041110702752136
8597,e_demand,2030,359,5,5,0.27041110702752136
8598,e_demand,2030,359,6,6,0.27041110702752136
8599,e_demand,2030,359,7,7,0.27041110702752136
8600,e_demand,2030,359,8,8,0.27041110702752136
8601,e_demand,2030,359,9,9,0.27041110702752136
8602,e_demand,2030,359,10,10,0.27041110702752136
8603,e_demand,2030,359,11,11,0.27041110702752136
8604,e_demand,2030,359,12,12,0.27041110702752136
8605,e_demand,2030,359,13,13,0.010816444281100854
8606,e_demand,2030,359,14,14,0.010816444281100854
8607,e_demand,2030,359,15,15,0.010816444281100854
8608,e_demand,2030,359,16,16,0.010816444281100854
8609,e_demand,2030,359,17,17,0.27041110702752136
8610,e_demand,2030,359,18,18,0.27041110702752136
8611,e_demand,2030,359,19,19,0.27041110702752136
8612,e_demand,2030,359,20,20,0.27041110702752136
8613,e_demand,2030,359,21,21,0.27041110702752136
8614,e_demand,2030,359,22,22,0.27041110702752136
8615,e_demand,2030,359,23,23,0.27041110702752136
8616,e_demand,2030,359,24,24,0.27041110702752136
8617,e_demand,2030,360,1,1,0.15721074443205757
8618,e_demand,2030,360,2,2,0.15721074443205757
8619,e_demand,2030,360,3,3,0.15721074443205757
8620,e_demand,2030,360,4,4,0.15721074443205757
8621,e_demand,2030,360,5,5,0.15721074443205757
8622,e_demand,2030,360,6,6,0.15721074443205757
8623,e_demand,2030,360,7,7,0.15721074443205757
8624,e_demand,2030,360,8,8,0.15721074443205757
8625,e_demand,2030,360,9,9,0.15721074443205757
8626,e_demand,2030,360,10,10,0.15721074443205757
8627,e_demand,2030,360,11,11,0.15721074443205757
8628,e_demand,2030,360,12,12,0.15721074443205757
8629,e_demand,2030,360,13,13,0.15721074443205757
8630,e_demand,2030,360,14,14,0.15721074443205757
8631,e_demand,2030,360,15,15,0.15721074443205757
8632,e_demand,2030,360,16,16,0.15721074443205757
8633,e_demand,2030,360,17,17,0.15721074443205757
8634,e_demand,2030,360,18,18,0.2200950422048806
8635,e_demand,2030,360,19,19,0.2200950422048806
8636,e_demand,2030,360,20,20,0.2200950422048806
8637,e_demand,2030,360,21,21,0.2200950422048806
8638,e_demand,2030,360,22,22,0.2200950422048806
8639,e_demand,2030,360,23,23,0.2200950422048806
8640,e_demand,2030,360,24,24,0.15721074443205757
